0.000000000000000000e+00
0.000000000000000000e+00
4.501274723649999942e+03
4.502217709849999665e+03
4.504834788340000159e+03
4.508285872149999705e+03
4.512739498660000208e+03
4.514188144519999696e+03
4.514458782159999828e+03
4.515338174950000393e+03
4.517533312939999632e+03
4.518027932799999689e+03
4.518337108370000351e+03
4.520228177529999812e+03
4.522633798419999948e+03
4.522801733299999796e+03
4.525142597930000193e+03
4.526434423169999718e+03
4.526930075420000321e+03
4.527318609709999691e+03
4.528622052310000072e+03
4.529526169179999670e+03
4.529681501580000258e+03
4.530726935699999558e+03
4.530955047370000102e+03
4.531154195510000136e+03
4.531626686560000053e+03
4.532986896620000152e+03
4.533246522620000178e+03
4.533968486499999926e+03
4.534782551149999563e+03
4.535573261610000372e+03
4.535715829810000287e+03
4.535917934080000123e+03
4.536046605550000095e+03
4.540502254760000142e+03
4.540706841600000189e+03
4.544674779750000198e+03
4.545958621579999999e+03
4.547015098969999599e+03
4.547851283179999882e+03
4.548769193510000150e+03
4.549472611000000143e+03
4.549632128010000088e+03
4.550770925470000293e+03
4.552465797570000177e+03
4.554036086629999772e+03
4.555490476629999648e+03
4.555893421710000439e+03
4.556134599349999917e+03
4.558648797210000339e+03
4.563764246599999751e+03
4.565522714290000295e+03
4.565657479370000146e+03
4.571099297429999751e+03
4.571675979859999643e+03
4.571977269390000401e+03
4.574722570830000222e+03
4.577179108960000121e+03
4.578557667490000313e+03
4.580056434029999764e+03
4.580412045969999781e+03
4.583839714759999879e+03
4.584820778459999929e+03
4.585872134649999680e+03
4.586372471949999635e+03
4.587132628839999597e+03
4.588202393950000442e+03
4.589951110029999654e+03
4.591395295680000345e+03
4.592534866549999606e+03
4.592658969690000049e+03
4.594120739470000444e+03
4.595361837139999807e+03
4.596063508389999697e+03
4.598123225620000085e+03
4.599840892510000231e+03
4.600363032270000076e+03
4.600755806569999550e+03
4.602005900660000407e+03
4.602947707549999905e+03
4.604992062479999731e+03
4.607335227130000021e+03
4.607651618130000315e+03
4.611289098160000322e+03
4.613209301519999826e+03
4.613362209419999999e+03
4.616129822730000342e+03
4.617274648779999552e+03
4.618780759840000428e+03
4.619292794019999747e+03
4.621924355330000253e+03
4.623100849540000127e+03
4.625051358050000090e+03
4.626179404690000410e+03
4.629347088430000440e+03
4.630125990460000139e+03
4.632912489479999749e+03
4.635850994239999636e+03
4.637509029499999997e+03
4.638015310800000407e+03
4.639366909459999988e+03
4.639665009940000346e+03
4.639943404519999604e+03
4.643468201290000252e+03
4.646168523160000404e+03
4.647440097509999759e+03
4.648658084869999584e+03
4.651290021269999670e+03
4.652165249980000226e+03
4.654507419520000440e+03
4.654628665430000183e+03
4.656472467049999977e+03
4.661977759280000100e+03
4.664791063409999879e+03
4.667457159089999550e+03
4.667591367250000076e+03
4.668129996990000109e+03
4.669172758609999619e+03
4.670411539560000165e+03
4.673165511260000130e+03
4.678851869000000079e+03
4.680300147959999777e+03
4.680483621360000143e+03
4.681915547440000410e+03
4.683564734370000224e+03
4.685270818099999815e+03
4.687379691639999692e+03
4.690141233819999798e+03
4.691400841990000117e+03
4.699335054969999874e+03
4.700159805569999662e+03
4.702997722070000236e+03
4.703811556579999888e+03
4.704952108960000260e+03
4.707281478449999668e+03
4.707490624279999793e+03
4.708016172659999938e+03
4.709093579129999853e+03
4.709714441219999571e+03
4.710286394900000232e+03
4.714419150689999697e+03
4.715766249839999546e+03
4.718424806549999630e+03
4.722160797030000140e+03
4.727429847049999807e+03
4.728550578860000314e+03
4.730034161849999691e+03
4.731478796180000245e+03
4.733596316870000010e+03
4.735847775000000183e+03
4.736781987049999771e+03
4.737354120140000305e+03
4.739107924109999658e+03
4.741534413940000377e+03
4.745804762310000115e+03
4.748136705099999745e+03
4.754042926350000016e+03
4.756116554809999798e+03
4.756520465479999984e+03
4.757583491790000153e+03
4.758124288400000296e+03
4.759275374929999998e+03
4.761528045000000020e+03
4.762376031810000313e+03
4.762629772149999553e+03
4.763921444319999864e+03
4.765864128029999847e+03
4.766426418559999547e+03
4.768356466139999611e+03
4.772821394030000192e+03
4.779983363010000176e+03
4.783426858550000361e+03
4.786541873559999658e+03
4.786812816050000038e+03
4.788762346049999906e+03
4.789341014730000097e+03
4.789654957149999973e+03
4.792506675339999674e+03
4.800654598490000353e+03
4.801030540640000254e+03
4.802885558480000327e+03
4.805093942319999769e+03
4.806994153749999896e+03
4.807712700740000400e+03
4.810536911709999913e+03
4.817803142130000197e+03
4.820413488160000270e+03
4.823513274369999635e+03
4.824147184129999914e+03
4.829028262240000004e+03
4.829365269879999687e+03
4.831181610130000081e+03
4.832717829209999763e+03
4.835871106190000319e+03
4.838514425579999624e+03
4.839550388280000334e+03
4.840294483689999652e+03
4.840881090099999710e+03
4.843151759139999740e+03
4.851495948710000448e+03
4.855416007099999661e+03
4.855679528159999791e+03
4.856017176309999741e+03
4.859749546650000411e+03
4.863649405549999756e+03
4.864736362489999919e+03
4.866277113090000057e+03
4.867873247300000003e+03
4.870815498050000315e+03
4.871327323350000370e+03
4.871941676350000307e+03
4.872145946849999746e+03
4.873447075699999914e+03
4.875490486779999628e+03
4.875882458289999704e+03
4.878207739589999619e+03
4.881563129209999715e+03
4.881723500099999910e+03
4.882149650590000419e+03
4.885087711950000084e+03
4.885435798100000284e+03
4.886336776439999994e+03
4.887012319800000114e+03
4.887195430949999718e+03
4.888642456450000282e+03
4.890765016239999568e+03
4.891501478189999943e+03
4.899916695740000250e+03
4.903313414580000426e+03
4.904418262520000098e+03
4.907737297810000200e+03
4.909388633069999742e+03
4.910023382870000205e+03
4.910330674740000177e+03
4.910570535750000090e+03
4.913621215520000078e+03
4.917234308920000331e+03
4.918370135109999865e+03
4.918999690820000069e+03
4.920512542030000077e+03
4.922268382510000265e+03
4.923931859489999624e+03
4.924776179079999565e+03
4.927873392939999576e+03
4.930311367049999717e+03
4.933331451009999910e+03
4.934070301839999956e+03
4.937347434780000185e+03
4.938177016829999957e+03
4.938821174499999870e+03
4.939241372690000389e+03
4.939692713190000177e+03
4.942486216850000346e+03
4.946395189199999550e+03
4.950111350320000383e+03
4.957308110680000027e+03
4.957606255239999882e+03
4.964932166210000105e+03
4.966096571410000251e+03
4.967903234690000318e+03
4.969922031439999955e+03
4.970499115020000318e+03
4.971351784950000365e+03
4.973099669879999965e+03
4.978592127029999574e+03
4.980176188360000197e+03
4.981738921309999569e+03
4.982507084840000061e+03
4.982821431870000197e+03
4.983257367150000391e+03
4.983858873010000025e+03
4.984120132240000203e+03
4.985259076070000447e+03
4.985553771220000272e+03
4.988956578229999650e+03
4.991074340199999824e+03
4.991273603190000358e+03
4.994136512799999764e+03
4.997102014459999737e+03
4.999509707129999697e+03
5.000348397849999856e+03
5.001871372720000181e+03
5.002798632320000252e+03
5.005719101980000232e+03
5.006127454880000187e+03
5.007237085759999900e+03
5.012080322069999966e+03
5.013301023979999627e+03
5.014264502089999951e+03
5.014948682790000021e+03
5.016168093729999782e+03
5.017582815579999988e+03
5.018447190079999928e+03
5.020031054779999977e+03
5.022241027349999968e+03
5.022873086409999814e+03
5.024849264980000044e+03
5.025566911099999743e+03
5.027133161710000422e+03
5.028131798090000302e+03
5.031022851779999655e+03
5.035368217680000271e+03
5.035932291500000247e+03
5.036469055890000163e+03
5.038405299899999591e+03
5.039260788219999995e+03
5.039963904449999973e+03
5.040894693150000421e+03
5.041076117530000374e+03
5.041620627479999712e+03
5.041767999269999564e+03
5.042190828800000418e+03
5.044218602470000405e+03
5.048439887900000031e+03
5.048850744190000114e+03
5.049829380719999790e+03
5.051643517810000048e+03
5.060076242479999564e+03
5.064657966169999781e+03
5.065015401339999698e+03
5.065197285080000256e+03
5.067155586320000111e+03
5.068773606599999766e+03
5.072081576739999946e+03
5.072678810360000170e+03
5.074756926850000127e+03
5.076279561219999778e+03
5.078981616140000369e+03
5.079229346019999866e+03
5.079746261610000147e+03
5.079962353099999746e+03
5.080536546799999996e+03
5.081115858899999694e+03
5.083345911780000279e+03
5.084103246329999820e+03
5.090780687450000187e+03
5.097007169780000368e+03
5.098707073790000322e+03
5.099934123230000296e+03
5.105543144129999746e+03
5.107455886089999694e+03
5.107646791309999571e+03
5.109653584020000380e+03
5.110413722530000086e+03
5.115398033749999740e+03
5.121638063909999801e+03
5.123730404410000119e+03
5.125124210310000308e+03
5.126197178419999545e+03
5.127366747770000075e+03
5.129161988050000218e+03
5.129370576010000150e+03
5.131475454559999889e+03
5.133698304929999722e+03
5.137077169649999632e+03
5.137389947409999877e+03
5.139261913260000256e+03
5.139472135439999875e+03
5.141744219150000390e+03
5.142529491690000214e+03
5.142782875580000109e+03
5.142936168619999989e+03
5.145100796509999782e+03
5.146490041660000315e+03
5.147484003139999913e+03
5.148049706669999978e+03
5.148235582680000334e+03
5.150851433030000408e+03
5.151915508539999792e+03
5.152190208300000450e+03
5.154077342939999653e+03
5.155768831180000234e+03
5.159064300439999897e+03
5.162281537470000330e+03
5.165416593070000090e+03
5.166285290179999720e+03
5.167331062109999948e+03
5.167498761349999768e+03
5.168907886140000301e+03
5.171608473639999829e+03
5.172695470599999680e+03
5.173749113750000106e+03
5.183615547180000249e+03
5.188696182730000146e+03
5.188851457949999713e+03
5.191463263110000298e+03
5.192352379580000161e+03
5.192976467290000073e+03
5.194949774880000405e+03
5.195479493169999841e+03
5.196064333180000176e+03
5.197575205170000118e+03
5.198716848570000366e+03
5.202329691889999594e+03
5.204544761799999833e+03
5.206045817399999578e+03
5.208434762689999843e+03
5.208600695840000299e+03
5.210394458320000012e+03
5.215188062829999581e+03
5.216282948580000266e+03
5.217396576899999673e+03
5.224949000519999572e+03
5.225532855780000318e+03
5.226546736870000132e+03
5.226871068379999997e+03
5.227192850610000278e+03
5.229859337029999551e+03
5.232950143830000343e+03
5.234630333770000107e+03
5.235394063020000431e+03
5.242498581859999831e+03
5.243781853260000389e+03
5.247056974160000209e+03
5.247573910170000090e+03
5.250215383380000276e+03
5.250652091109999674e+03
5.253468311599999652e+03
5.254954462140000032e+03
5.261709334180000042e+03
5.262238849549999941e+03
5.263314801169999555e+03
5.264190251480000370e+03
5.265558467500000006e+03
5.265723298029999569e+03
5.266564635839999937e+03
5.269547868009999547e+03
5.270353414819999671e+03
5.273172089140000026e+03
5.273385612379999657e+03
5.275277984520000246e+03
5.275758135879999827e+03
5.276042231559999891e+03
5.281798871230000259e+03
5.283629530359999990e+03
5.288532743689999734e+03
5.296700197240000307e+03
5.297385841080000318e+03
5.298023766860000251e+03
5.298282217979999587e+03
5.300752600779999739e+03
5.302308329149999736e+03
5.307366217540000434e+03
5.316621483029999581e+03
5.322047963469999559e+03
5.324189198060000308e+03
5.328047719940000206e+03
5.328539111910000429e+03
5.329146312490000128e+03
5.332906592649999766e+03
5.336791807149999840e+03
5.339937819300000228e+03
5.341027901520000341e+03
5.343433049930000379e+03
5.345806154279999646e+03
5.348324362770000334e+03
5.349467608850000033e+03
5.353383547749999707e+03
5.364879781290000210e+03
5.365405280959999800e+03
5.367475750059999882e+03
5.369971249729999727e+03
5.371499630739999702e+03
5.373714101630000187e+03
5.379580512950000411e+03
5.383378648719999546e+03
5.389486043320000135e+03
5.391462506169999870e+03
5.393176216210000348e+03
5.394676637130000017e+03
5.397139391249999790e+03
5.398285533500000383e+03
5.400512479140000323e+03
5.404146187839999584e+03
5.405785508760000084e+03
5.409794436389999646e+03
5.410917954620000273e+03
5.415209045049999986e+03
5.420366484320000382e+03
5.424079244870000366e+03
5.429703242890000183e+03
5.432545193400000244e+03
5.432951853149999806e+03
5.434533452659999966e+03
5.445050668290000431e+03
5.446592848039999808e+03
5.446922449849999794e+03
5.455622238449999713e+03
5.462966630420000001e+03
5.463284174090000306e+03
5.466402509579999787e+03
5.473906557399999656e+03
5.476290754970000307e+03
5.476572570170000290e+03
5.476914054920000126e+03
5.483359183239999766e+03
5.487749132680000002e+03
5.497524062710000180e+03
5.501473665219999930e+03
5.506787326620000385e+03
5.512984978749999755e+03
5.514538954290000220e+03
5.526816778469999917e+03
5.528417273850000129e+03
5.535430556389999765e+03
5.554894133570000122e+03
5.563621436890000041e+03
5.565709973680000076e+03
5.567398569369999677e+03
5.569627439089999825e+03
5.572851700369999890e+03
5.576097134740000001e+03
5.578723389689999749e+03
5.581974989330000426e+03
5.586765774569999849e+03
5.587864921200000026e+03
5.588760072240000227e+03
5.590120808409999881e+03
5.594469977509999808e+03
5.598304637950000142e+03
5.598487470879999819e+03
5.601280654029999823e+03
5.615308293369999774e+03
5.615653670949999650e+03
5.624554497770000125e+03
5.638267521130000205e+03
5.655495189979999850e+03
5.658827593410000190e+03
5.662522266910000326e+03
5.682644646140000077e+03
5.688213773249999576e+03
5.701553276139999980e+03
5.709384436780000215e+03
5.709548324759999559e+03
5.711094872890000261e+03
5.711880115779999869e+03
5.715092605670000012e+03
5.753129215390000354e+03
5.754658715030000167e+03
5.763000142070000038e+03
5.782129577620000418e+03
5.790989879509999810e+03
5.857456819729999552e+03
5.859592155020000064e+03
5.862365145589999884e+03
5.866458050709999952e+03
6.008564562059999844e+03
6.013495722419999765e+03
6.016645867780000117e+03
6.020178797380000105e+03
6.021799955210000007e+03
6.024066485999999713e+03
6.065493234720000146e+03
6.078497762879999755e+03
6.102726932319999833e+03
6.122225823820000187e+03
6.136627638410000145e+03
6.137001559010000165e+03
6.137702994700000090e+03
6.141728352310000446e+03
6.162181556180000371e+03
6.163756360219999806e+03
6.166441829960000177e+03
6.169043606619999991e+03
6.169565758800000367e+03
6.173342541390000406e+03
6.191184384400000454e+03
6.191569551069999761e+03
6.200322083299999576e+03
6.213438059750000320e+03
6.219289152510000349e+03
6.230738429259999975e+03
6.232648793989999831e+03
6.246327151170000434e+03
6.252566854110000349e+03
6.254255563249999796e+03
6.256364571760000217e+03
6.258110513460000220e+03
6.258715300720000414e+03
6.261107906940000248e+03
6.265141312419999849e+03
6.358689465270000255e+03
6.393613992460000190e+03
6.400009765599999810e+03
6.408026319239999793e+03
6.411658305179999843e+03
6.421358905510000113e+03
6.430855042060000414e+03
6.439082929700000022e+03
6.609120212249999895e+03
6.643633645990000332e+03
6.663451024840000173e+03
6.677995620009999584e+03
6.717688955360000364e+03
6.750161140340000202e+03
6.767782994670000335e+03
