0.000000000000000000e+00
0.000000000000000000e+00
4.500287164860000303e+03
4.500633329340000273e+03
4.501098799819999840e+03
4.501274723649999942e+03
4.501778558510000039e+03
4.501969409710000036e+03
4.502217709849999665e+03
4.502441849630000434e+03
4.502594741169999907e+03
4.503054665089999617e+03
4.503197703539999566e+03
4.503335349639999549e+03
4.503762400030000208e+03
4.504217053010000200e+03
4.504834788340000159e+03
4.505240956569999980e+03
4.505497639760000311e+03
4.505775190069999553e+03
4.505924450599999545e+03
4.506099706789999800e+03
4.506329556669999874e+03
4.506604399699999703e+03
4.506836222390000330e+03
4.507218194830000357e+03
4.507395628180000131e+03
4.507843572949999725e+03
4.508023496580000028e+03
4.508285872149999705e+03
4.508689160660000198e+03
4.509287840799999685e+03
4.509448425219999990e+03
4.509736048030000347e+03
4.510012475960000302e+03
4.510828173879999667e+03
4.511159738540000035e+03
4.511312108359999911e+03
4.511562301490000209e+03
4.511892594509999981e+03
4.512271125080000274e+03
4.512739498660000208e+03
4.512994519859999855e+03
4.513431986409999809e+03
4.513576524819999577e+03
4.513716326470000240e+03
4.513878750769999897e+03
4.514188144519999696e+03
4.514458782159999828e+03
4.514776701480000156e+03
4.514941040079999766e+03
4.515168269970000438e+03
4.515338174950000393e+03
4.515588506639999650e+03
4.515869457859999784e+03
4.516118424029999915e+03
4.516279728239999713e+03
4.516459523389999958e+03
4.516667583729999933e+03
4.516922566649999681e+03
4.517143683629999941e+03
4.517533312939999632e+03
4.517783546210000168e+03
4.518027932799999689e+03
4.518337108370000351e+03
4.518579902159999619e+03
4.518694374390000121e+03
4.519293263049999950e+03
4.519631415630000447e+03
4.519831483119999575e+03
4.519988227929999994e+03
4.520228177529999812e+03
4.520515988760000255e+03
4.520788598670000283e+03
4.521130289489999996e+03
4.521852369139999610e+03
4.522042764349999743e+03
4.522370141149999654e+03
4.522633798419999948e+03
4.522801733299999796e+03
4.523071442819999902e+03
4.523402578279999943e+03
4.523747507770000084e+03
4.523925593910000316e+03
4.524087436150000030e+03
4.524213767950000147e+03
4.524691372880000017e+03
4.524945699179999792e+03
4.525142597930000193e+03
4.525599247969999851e+03
4.525868920120000439e+03
4.526103733810000449e+03
4.526434423169999718e+03
4.526930075420000321e+03
4.527318609709999691e+03
4.527786110670000198e+03
4.528155702629999723e+03
4.528622052310000072e+03
4.529312217280000368e+03
4.529526169179999670e+03
4.529681501580000258e+03
4.529844864749999942e+03
4.530479299669999818e+03
4.530726935699999558e+03
4.530955047370000102e+03
4.531154195510000136e+03
4.531626686560000053e+03
4.531889551240000401e+03
4.532114429670000391e+03
4.532302192719999766e+03
4.532763853759999620e+03
4.532986896620000152e+03
4.533246522620000178e+03
4.533698752819999754e+03
4.533968486499999926e+03
4.534164787839999917e+03
4.534782551149999563e+03
4.535141010559999813e+03
4.535315983870000309e+03
4.535573261610000372e+03
4.535715829810000287e+03
4.535917934080000123e+03
4.536046605550000095e+03
4.536494066549999843e+03
4.537211914829999841e+03
4.537413421709999966e+03
4.537674457559999610e+03
4.537963760360000379e+03
4.538377682119999918e+03
4.538597636120000061e+03
4.538819598690000021e+03
4.539094767929999762e+03
4.539240553329999784e+03
4.539775742640000317e+03
4.540011008030000085e+03
4.540194946329999766e+03
4.540502254760000142e+03
4.540706841600000189e+03
4.541064577699999973e+03
4.541314041010000437e+03
4.541518006070000411e+03
4.541788337820000379e+03
4.541940088950000245e+03
4.542231010440000318e+03
4.542429529469999579e+03
4.542683075590000044e+03
4.543002833489999830e+03
4.543220290289999866e+03
4.543809596150000289e+03
4.544018079280000165e+03
4.544674779750000198e+03
4.544975100089999614e+03
4.545139757949999876e+03
4.545354428740000003e+03
4.545958621579999999e+03
4.546471227879999788e+03
4.546685934080000152e+03
4.547015098969999599e+03
4.547231030689999898e+03
4.547851283179999882e+03
4.548111389069999859e+03
4.548420148559999689e+03
4.548589356479999879e+03
4.548769193510000150e+03
4.549043814910000037e+03
4.549285222620000241e+03
4.549472611000000143e+03
4.549632128010000088e+03
4.549816220570000041e+03
4.550118797109999832e+03
4.550277359480000086e+03
4.550770925470000293e+03
4.551233896370000366e+03
4.551652639249999993e+03
4.552148292920000131e+03
4.552297069010000087e+03
4.552465797570000177e+03
4.552887012010000035e+03
4.553167049300000144e+03
4.553659755319999931e+03
4.554036086629999772e+03
4.554462779219999902e+03
4.554825601350000397e+03
4.554996606319999955e+03
4.555306670799999665e+03
4.555490476629999648e+03
4.555893421710000439e+03
4.556134599349999917e+03
4.556502167939999708e+03
4.556928891810000096e+03
4.557280760509999709e+03
4.557849119780000365e+03
4.558108703220000280e+03
4.558473658580000119e+03
4.558648797210000339e+03
4.559927784589999646e+03
4.560090131179999844e+03
4.560269494840000334e+03
4.560430207110000083e+03
4.560560657060000267e+03
4.560714949979999801e+03
4.560868276490000426e+03
4.561194554650000100e+03
4.561415250959999867e+03
4.561736242920000223e+03
4.561951752269999815e+03
4.562366341179999836e+03
4.562631913359999999e+03
4.562889941430000363e+03
4.563238957499999742e+03
4.563421476380000058e+03
4.563764246599999751e+03
4.564178128669999751e+03
4.564342124110000441e+03
4.564698324080000020e+03
4.564828640529999575e+03
4.565329058510000323e+03
4.565522714290000295e+03
4.565657479370000146e+03
4.566234505729999910e+03
4.566519750110000132e+03
4.566870377029999872e+03
4.567408912959999725e+03
4.567611888200000067e+03
4.568026960309999595e+03
4.568329989290000412e+03
4.568607609710000361e+03
4.568776372760000413e+03
4.569080195659999845e+03
4.569360869729999649e+03
4.569616938309999568e+03
4.570022273100000348e+03
4.570394733610000003e+03
4.570628559470000255e+03
4.571099297429999751e+03
4.571437681890000022e+03
4.571675979859999643e+03
4.571977269390000401e+03
4.572276221310000437e+03
4.572605753109999569e+03
4.572866471530000126e+03
4.573811454720000256e+03
4.573979436540000279e+03
4.574221238150000318e+03
4.574468245289999686e+03
4.574722570830000222e+03
4.575109331100000418e+03
4.575533768649999729e+03
4.575788728610000362e+03
4.576336579390000225e+03
4.576515363450000223e+03
4.576769562380000025e+03
4.577179108960000121e+03
4.577471669139999904e+03
4.577693032750000384e+03
4.578030332190000081e+03
4.578330657749999773e+03
4.578557667490000313e+03
4.578730587600000035e+03
4.579056657879999875e+03
4.579331095159999677e+03
4.579677341309999974e+03
4.579817869000000428e+03
4.580056434029999764e+03
4.580412045969999781e+03
4.580588353479999569e+03
4.580885769040000014e+03
4.581044350830000440e+03
4.581201959689999967e+03
4.582047262379999665e+03
4.582305176619999656e+03
4.582495555649999915e+03
4.582832583219999833e+03
4.583127357399999710e+03
4.583413039310000386e+03
4.583839714759999879e+03
4.584277008889999706e+03
4.584437803269999677e+03
4.584820778459999929e+03
4.585080556470000374e+03
4.585341588479999700e+03
4.585872134649999680e+03
4.586225992399999996e+03
4.586372471949999635e+03
4.586986714149999898e+03
4.587132628839999597e+03
4.587387317269999585e+03
4.587722808010000335e+03
4.588202393950000442e+03
4.588693615860000136e+03
4.589009839360000115e+03
4.589296785020000243e+03
4.589951110029999654e+03
4.590212935870000365e+03
4.590350270330000058e+03
4.590791605499999605e+03
4.591107912239999678e+03
4.591237054950000129e+03
4.591395295680000345e+03
4.591793446949999634e+03
4.592052634509999734e+03
4.592366426620000311e+03
4.592534866549999606e+03
4.592658969690000049e+03
4.593171594180000284e+03
4.593529173879999689e+03
4.593927092089999860e+03
4.594120739470000444e+03
4.594409246270000040e+03
4.594635673269999643e+03
4.594899856000000000e+03
4.595216087550000339e+03
4.595361837139999807e+03
4.595595031509999899e+03
4.596063508389999697e+03
4.596413563840000279e+03
4.596575630569999703e+03
4.596906706859999758e+03
4.597245153230000142e+03
4.597384568059999765e+03
4.597750949870000113e+03
4.597871850419999646e+03
4.598123225620000085e+03
4.598369480319999639e+03
4.598745443439999690e+03
4.598997913449999942e+03
4.599226621239999986e+03
4.599560803669999586e+03
4.599840892510000231e+03
4.600105469260000064e+03
4.600363032270000076e+03
4.600755806569999550e+03
4.601004841470000429e+03
4.601278847380000116e+03
4.601537976720000188e+03
4.602005900660000407e+03
4.602533063840000068e+03
4.602947707549999905e+03
4.603344625959999576e+03
4.603951713419999578e+03
4.604237520630000290e+03
4.604558639650000259e+03
4.604992062479999731e+03
4.605363936970000395e+03
4.605589213919999565e+03
4.605839831330000379e+03
4.606215121170000202e+03
4.606791162270000314e+03
4.607085689559999992e+03
4.607335227130000021e+03
4.607651618130000315e+03
4.608111377799999900e+03
4.608511197750000065e+03
4.608707757500000298e+03
4.608851725430000442e+03
4.609271568340000158e+03
4.609646285200000420e+03
4.609914874099999906e+03
4.610188682300000437e+03
4.611289098160000322e+03
4.611654446569999891e+03
4.611968482180000137e+03
4.612613825460000044e+03
4.612957159659999888e+03
4.613209301519999826e+03
4.613362209419999999e+03
4.613712428370000453e+03
4.613918024700000387e+03
4.614203096999999616e+03
4.614540055919999759e+03
4.614729076190000342e+03
4.615566147769999588e+03
4.616129822730000342e+03
4.616624386360000244e+03
4.617274648779999552e+03
4.617856388039999729e+03
4.617961072850000164e+03
4.618350259200000437e+03
4.618489585430000261e+03
4.618780759840000428e+03
4.619292794019999747e+03
4.619537096860000020e+03
4.619782126950000020e+03
4.620129057320000356e+03
4.620515303879999919e+03
4.620817362759999924e+03
4.621008781200000158e+03
4.621602827830000024e+03
4.621924355330000253e+03
4.622454933390000406e+03
4.622747506099999555e+03
4.623100849540000127e+03
4.623581861700000445e+03
4.624083750099999634e+03
4.624418704749999961e+03
4.624563731649999681e+03
4.624727323930000239e+03
4.625051358050000090e+03
4.625308424799999557e+03
4.625770676330000242e+03
4.625922534669999550e+03
4.626179404690000410e+03
4.626536258850000195e+03
4.626789535490000162e+03
4.627373453379999773e+03
4.627535691039999620e+03
4.628164680509999926e+03
4.628461670640000193e+03
4.628681425060000038e+03
4.628913324729999658e+03
4.629347088430000440e+03
4.629797807320000175e+03
4.629951363789999959e+03
4.630125990460000139e+03
4.630559150709999813e+03
4.630782481629999893e+03
4.631039086689999749e+03
4.631487577300000339e+03
4.631983397070000137e+03
4.632142569290000210e+03
4.632328589579999971e+03
4.632462841970000227e+03
4.632655214180000257e+03
4.632912489479999749e+03
4.633257408229999783e+03
4.633552929759999643e+03
4.633761692150000272e+03
4.634076766909999606e+03
4.634720007380000425e+03
4.635177563829999599e+03
4.635318347149999681e+03
4.635602368740000202e+03
4.635850994239999636e+03
4.636326983470000414e+03
4.636678674550000324e+03
4.637034509019999859e+03
4.637180857469999864e+03
4.637509029499999997e+03
4.637762732299999698e+03
4.638015310800000407e+03
4.638526008730000285e+03
4.638688756509999621e+03
4.638958088600000337e+03
4.639366909459999988e+03
4.639511128789999930e+03
4.639665009940000346e+03
4.639943404519999604e+03
4.640290222530000392e+03
4.640502709659999709e+03
4.640960331950000182e+03
4.641216517959999692e+03
4.641682556499999919e+03
4.641996810110000297e+03
4.642249144669999623e+03
4.642583423160000166e+03
4.642815206960000069e+03
4.643197557299999971e+03
4.643468201290000252e+03
4.643735039199999846e+03
4.644384030999999595e+03
4.644515006970000286e+03
4.645191888409999592e+03
4.645480551779999587e+03
4.645776221230000374e+03
4.646168523160000404e+03
4.646379265479999958e+03
4.646640221009999550e+03
4.646785246970000117e+03
4.647283604309999646e+03
4.647440097509999759e+03
4.647959360130000277e+03
4.648118195119999655e+03
4.648286858479999864e+03
4.648658084869999584e+03
4.648857565489999615e+03
4.649144563130000279e+03
4.649437213610000072e+03
4.649647010589999809e+03
4.649819991800000025e+03
4.650015652050000426e+03
4.650312753559999692e+03
4.650552151140000205e+03
4.650816780819999622e+03
4.651122723460000088e+03
4.651290021269999670e+03
4.652165249980000226e+03
4.653356545040000128e+03
4.653494045919999735e+03
4.653781046009999955e+03
4.654154883340000197e+03
4.654507419520000440e+03
4.654628665430000183e+03
4.655242354539999724e+03
4.655662663320000320e+03
4.656047131579999586e+03
4.656190979369999695e+03
4.656472467049999977e+03
4.656978194149999581e+03
4.657204926970000088e+03
4.657589080339999782e+03
4.657851850369999738e+03
4.658023958830000083e+03
4.658300029250000080e+03
4.658485507080000389e+03
4.658867421179999837e+03
4.659176391330000115e+03
4.659364313979999679e+03
4.660062775989999864e+03
4.660231771079999817e+03
4.660426798299999973e+03
4.660905964270000368e+03
4.661153458150000006e+03
4.661314201289999801e+03
4.661538151349999680e+03
4.661977759280000100e+03
4.662508869690000211e+03
4.662757048489999761e+03
4.663182482049999635e+03
4.663330922500000270e+03
4.663818431749999945e+03
4.664196782770000027e+03
4.664313289509999777e+03
4.664791063409999879e+03
4.665184370709999712e+03
4.665558288479999646e+03
4.665909725190000245e+03
4.666186649059999581e+03
4.666486469669999678e+03
4.666754441699999916e+03
4.666987865690000035e+03
4.667252372199999627e+03
4.667457159089999550e+03
4.667591367250000076e+03
4.667764293709999947e+03
4.668129996990000109e+03
4.668358950050000203e+03
4.668568314039999677e+03
4.669172758609999619e+03
4.669323190529999920e+03
4.669647806070000115e+03
4.669825939850000395e+03
4.670169245109999792e+03
4.670411539560000165e+03
4.670904387180000413e+03
4.671043759150000369e+03
4.671419153230000120e+03
4.671684325950000130e+03
4.672029262179999932e+03
4.672331468340000356e+03
4.672835913519999849e+03
4.673165511260000130e+03
4.673777821069999845e+03
4.674094842290000088e+03
4.674296653649999826e+03
4.674643636079999851e+03
4.675113955290000376e+03
4.675376352500000394e+03
4.675607817209999666e+03
4.675980718269999670e+03
4.676188395230000424e+03
4.676345757179999964e+03
4.676529599079999571e+03
4.676656514700000116e+03
4.676917372249999971e+03
4.677441677869999694e+03
4.677592547399999603e+03
4.678168745179999860e+03
4.678529830219999894e+03
4.678851869000000079e+03
4.679224538239999674e+03
4.680139159479999762e+03
4.680300147959999777e+03
4.680483621360000143e+03
4.680858541440000408e+03
4.681195576439999968e+03
4.681468096730000070e+03
4.681915547440000410e+03
4.682113056109999889e+03
4.682352738659999886e+03
4.682562286659999700e+03
4.682729198670000187e+03
4.683283885980000377e+03
4.683564734370000224e+03
4.683826504270000441e+03
4.683967295000000377e+03
4.684217693319999853e+03
4.684340895970000020e+03
4.684593194989999574e+03
4.684869819919999827e+03
4.685031158789999608e+03
4.685270818099999815e+03
4.685688921199999641e+03
4.685848501219999889e+03
4.686217430200000308e+03
4.686609464649999609e+03
4.686733479630000147e+03
4.686895760899999914e+03
4.687379691639999692e+03
4.687666797130000305e+03
4.687804145670000253e+03
4.688178142689999731e+03
4.688410408570000072e+03
4.688665169009999772e+03
4.689357360770000014e+03
4.689493850949999796e+03
4.689755461269999614e+03
4.690141233819999798e+03
4.690378676700000142e+03
4.690797741620000124e+03
4.690960115369999585e+03
4.691400841990000117e+03
4.691588890400000309e+03
4.691949940540000171e+03
4.692656017489999613e+03
4.692838959859999704e+03
4.693193207420000363e+03
4.693670301440000003e+03
4.693944137039999987e+03
4.694109930700000405e+03
4.694455179800000224e+03
4.694683300769999732e+03
4.694869587610000053e+03
4.695144939089999752e+03
4.695457662840000012e+03
4.695750293860000056e+03
4.695853984229999696e+03
4.696016221939999923e+03
4.696294617030000154e+03
4.696647463080000307e+03
4.697054564060000303e+03
4.697406972200000382e+03
4.698450650220000171e+03
4.698620053560000088e+03
4.698772305309999865e+03
4.699335054969999874e+03
4.699589982460000101e+03
4.700159805569999662e+03
4.700430049800000234e+03
4.700613812239999788e+03
4.700896999759999744e+03
4.701051779229999738e+03
4.701357376339999973e+03
4.701532363440000154e+03
4.701901269009999851e+03
4.702135287979999703e+03
4.702294686039999760e+03
4.702610209139999824e+03
4.702997722070000236e+03
4.703562407159999566e+03
4.703811556579999888e+03
4.704176661079999576e+03
4.704470743830000174e+03
4.704952108960000260e+03
4.705240747279999596e+03
4.705466190729999653e+03
4.705919869970000036e+03
4.706098351599999660e+03
4.706301467039999807e+03
4.706553760920000059e+03
4.707281478449999668e+03
4.707490624279999793e+03
4.707753609899999901e+03
4.708016172659999938e+03
4.708287660570000298e+03
4.708502108749999934e+03
4.708667139420000240e+03
4.708971361400000205e+03
4.709093579129999853e+03
4.709488722220000454e+03
4.709714441219999571e+03
4.710286394900000232e+03
4.710560673470000438e+03
4.711010431540000354e+03
4.711488668889999644e+03
4.712084892439999749e+03
4.712255180090000067e+03
4.712517995449999944e+03
4.712702991389999625e+03
4.713177331539999614e+03
4.713803387529999782e+03
4.714071904489999724e+03
4.714419150689999697e+03
4.714726121620000413e+03
4.714926969690000078e+03
4.715297831390000283e+03
4.715766249839999546e+03
4.716496811480000360e+03
4.716839947290000055e+03
4.717166758819999814e+03
4.717310793069999818e+03
4.717581628949999867e+03
4.717879339009999967e+03
4.718424806549999630e+03
4.719216785450000316e+03
4.719515090650000275e+03
4.719686635639999622e+03
4.720126654419999795e+03
4.720566738640000040e+03
4.720996390899999824e+03
4.721307844410000143e+03
4.721514539910000167e+03
4.722160797030000140e+03
4.722612038639999810e+03
4.723148274930000298e+03
4.723349390800000037e+03
4.723752007349999985e+03
4.724412915419999990e+03
4.724855559530000392e+03
4.725083520799999860e+03
4.725470294359999571e+03
4.725949090979999710e+03
4.726142846069999905e+03
4.726317649949999577e+03
4.727002986909999890e+03
4.727152931239999816e+03
4.727429847049999807e+03
4.727933084360000066e+03
4.728169033529999979e+03
4.728550578860000314e+03
4.728758625430000393e+03
4.729023378380000395e+03
4.729266417840000031e+03
4.729682347050000317e+03
4.730034161849999691e+03
4.730418090610000036e+03
4.730717854120000084e+03
4.730996245760000420e+03
4.731169895519999955e+03
4.731478796180000245e+03
4.731803800390000106e+03
4.732059879659999751e+03
4.732177916870000445e+03
4.732460827830000198e+03
4.732818814209999800e+03
4.733193319899999551e+03
4.733423918890000095e+03
4.733596316870000010e+03
4.734104666350000116e+03
4.734442311769999833e+03
4.734584314689999701e+03
4.734848391280000214e+03
4.735302293110000392e+03
4.735670829740000045e+03
4.735847775000000183e+03
4.736020946419999746e+03
4.736244088690000353e+03
4.736507046759999866e+03
4.736781987049999771e+03
4.737354120140000305e+03
4.737632117359999938e+03
4.738321024890000444e+03
4.738653282569999647e+03
4.739107924109999658e+03
4.739483893620000345e+03
4.740169048179999663e+03
4.740338577100000293e+03
4.740484197650000169e+03
4.741069199049999952e+03
4.741534413940000377e+03
4.741936401730000398e+03
4.742115197439999974e+03
4.742294531749999805e+03
4.742552203889999873e+03
4.742793252430000393e+03
4.743086794150000060e+03
4.743288199120000172e+03
4.743824210429999766e+03
4.744386796300000242e+03
4.744646944789999907e+03
4.744933129959999860e+03
4.745138889089999793e+03
4.745309736270000030e+03
4.745804762310000115e+03
4.746113945529999910e+03
4.746274700330000087e+03
4.746641873810000106e+03
4.747260115209999640e+03
4.747677728970000317e+03
4.748136705099999745e+03
4.748503587189999962e+03
4.748733935010000096e+03
4.749217238189999989e+03
4.749663200189999770e+03
4.749950668630000109e+03
4.751093119170000136e+03
4.751550244000000021e+03
4.751826595270000325e+03
4.752105379589999757e+03
4.752429188389999581e+03
4.752898507380000410e+03
4.753169058210000003e+03
4.754042926350000016e+03
4.754362567969999873e+03
4.754762654680000196e+03
4.755145487429999775e+03
4.755544684110000162e+03
4.755707096590000219e+03
4.756116554809999798e+03
4.756520465479999984e+03
4.757015878719999819e+03
4.757319169289999991e+03
4.757583491790000153e+03
4.757849979779999558e+03
4.758124288400000296e+03
4.758422280019999562e+03
4.758725692099999833e+03
4.758908365569999660e+03
4.759275374929999998e+03
4.759921578329999647e+03
4.760067710719999923e+03
4.760771056419999695e+03
4.761101832809999905e+03
4.761528045000000020e+03
4.762376031810000313e+03
4.762629772149999553e+03
4.762783524559999933e+03
4.763921444319999864e+03
4.764297367039999699e+03
4.764529474490000212e+03
4.764768127100000129e+03
4.765027395369999795e+03
4.765472659459999704e+03
4.765864128029999847e+03
4.766426418559999547e+03
4.766634498200000053e+03
4.766795193809999546e+03
4.767271167920000153e+03
4.767860093960000086e+03
4.768078828020000401e+03
4.768356466139999611e+03
4.768701034550000259e+03
4.769064891490000264e+03
4.769530262620000030e+03
4.769795368480000434e+03
4.769983485380000275e+03
4.770673293810000359e+03
4.771092862579999746e+03
4.771472241839999697e+03
4.771706250039999759e+03
4.772168839590000061e+03
4.772316864149999674e+03
4.772821394030000192e+03
4.773148537709999800e+03
4.773418576260000009e+03
4.773703855269999622e+03
4.773969081750000441e+03
4.774541721560000042e+03
4.775139065559999835e+03
4.775518286769999577e+03
4.775654503130000194e+03
4.775883235610000156e+03
4.776072354199999609e+03
4.776353771279999819e+03
4.777179827869999826e+03
4.777581463489999805e+03
4.777722618490000059e+03
4.778257215329999781e+03
4.778543175210000300e+03
4.779136884769999597e+03
4.779442481269999917e+03
4.779983363010000176e+03
4.780503207249999832e+03
4.780813064889999623e+03
4.781434840910000275e+03
4.781720234069999606e+03
4.782074553329999617e+03
4.782282500909999726e+03
4.782791403719999835e+03
4.782995702999999594e+03
4.783426858550000361e+03
4.783855498169999919e+03
4.783999409609999930e+03
4.784271510560000024e+03
4.784469392730000436e+03
4.784687634920000164e+03
4.784932341679999809e+03
4.785074605519999750e+03
4.785695775430000140e+03
4.785959678809999787e+03
4.786286564529999850e+03
4.786541873559999658e+03
4.786812816050000038e+03
4.787099369350000416e+03
4.787484054440000364e+03
4.787830280000000130e+03
4.788218687399999908e+03
4.788762346049999906e+03
4.789090487710000161e+03
4.789341014730000097e+03
4.789654957149999973e+03
4.790336808140000358e+03
4.790567713620000177e+03
4.790743960800000423e+03
4.790971330420000413e+03
4.791249729699999989e+03
4.791601453719999881e+03
4.792319960179999725e+03
4.792506675339999674e+03
4.792858808959999806e+03
4.793265362219999588e+03
4.793423922199999652e+03
4.793713465810000343e+03
4.793970277890000034e+03
4.794360025920000226e+03
4.794646027720000347e+03
4.794821723170000041e+03
4.795161009030000059e+03
4.795844567670000288e+03
4.796191732369999954e+03
4.796369533459999730e+03
4.796648266619999958e+03
4.796907401460000074e+03
4.797047970130000067e+03
4.797630624290000014e+03
4.797986607290000393e+03
4.798268143510000300e+03
4.798536739080000189e+03
4.798735703350000222e+03
4.799063944210000045e+03
4.799253781579999668e+03
4.799411104030000388e+03
4.799803702899999735e+03
4.800132737820000330e+03
4.800654598490000353e+03
4.801030540640000254e+03
4.801614168819999577e+03
4.801922528670000247e+03
4.802521949349999886e+03
4.802885558480000327e+03
4.803652359079999769e+03
4.804059891650000282e+03
4.804519075979999798e+03
4.805093942319999769e+03
4.805421097569999802e+03
4.805880042050000156e+03
4.806268162739999752e+03
4.806602317529999709e+03
4.806754220869999699e+03
4.806994153749999896e+03
4.807239664059999996e+03
4.807536941399999705e+03
4.807712700740000400e+03
4.808151515589999690e+03
4.808544687300000078e+03
4.808684615029999804e+03
4.808872703789999832e+03
4.809142708160000439e+03
4.809475122509999892e+03
4.809941528610000205e+03
4.810249627959999998e+03
4.810536911709999913e+03
4.810731408339999689e+03
4.811049553240000023e+03
4.811352478570000130e+03
4.811987421830000130e+03
4.812350211879999733e+03
4.812957576540000446e+03
4.813116786679999677e+03
4.813481603639999776e+03
4.813736943019999671e+03
4.813982093450000320e+03
4.814600952679999864e+03
4.814872721620000448e+03
4.815062085900000056e+03
4.815232696949999990e+03
4.815485882650000349e+03
4.815633962660000179e+03
4.815935587769999984e+03
4.816139726149999660e+03
4.816456972709999718e+03
4.816688002029999552e+03
4.816964706740000111e+03
4.817372777180000412e+03
4.817803142130000197e+03
4.818035484879999785e+03
4.818653409669999746e+03
4.819031058739999935e+03
4.819175130339999669e+03
4.819649275820000184e+03
4.820413488160000270e+03
4.821127599299999929e+03
4.821491422269999930e+03
4.821853713989999960e+03
4.822325021480000032e+03
4.822564791429999786e+03
4.823513274369999635e+03
4.823883565649999582e+03
4.824147184129999914e+03
4.824462960949999797e+03
4.824959694479999598e+03
4.825354389570000421e+03
4.825737419320000299e+03
4.826380090169999676e+03
4.826842011269999603e+03
4.827265907959999822e+03
4.827457206209999640e+03
4.827615611899999749e+03
4.828310613669999839e+03
4.828706002320000152e+03
4.829028262240000004e+03
4.829365269879999687e+03
4.829686782280000443e+03
4.830310237650000090e+03
4.830536445269999604e+03
4.831181610130000081e+03
4.831389494299999569e+03
4.831651805280000190e+03
4.832048807359999955e+03
4.832268006170000263e+03
4.832430647529999987e+03
4.832717829209999763e+03
4.833182078079999883e+03
4.833355143589999898e+03
4.833565591059999861e+03
4.833834970060000160e+03
4.834513786309999887e+03
4.834784868390000156e+03
4.835052253750000091e+03
4.835268659129999833e+03
4.835512906830000247e+03
4.835704966719999902e+03
4.835871106190000319e+03
4.836246075080000082e+03
4.836470754500000112e+03
4.836656276550000257e+03
4.836855805379999765e+03
4.837402214859999731e+03
4.837651803390000168e+03
4.837820085469999867e+03
4.838093127359999926e+03
4.838514425579999624e+03
4.838648813410000002e+03
4.839110706950000349e+03
4.839260158340000089e+03
4.839550388280000334e+03
4.839873798040000111e+03
4.840294483689999652e+03
4.840881090099999710e+03
4.841505692779999663e+03
4.841790279699999701e+03
4.841970472770000015e+03
4.842193137479999677e+03
4.842786791430000449e+03
4.843151759139999740e+03
4.843499790969999594e+03
4.844020666729999903e+03
4.844312720509999963e+03
4.844504469769999560e+03
4.844868129950000366e+03
4.845160774629999651e+03
4.845341521979999925e+03
4.845653752840000379e+03
4.846158291120000285e+03
4.846370945300000130e+03
4.846711522829999922e+03
4.847311802809999790e+03
4.847727005710000412e+03
4.848249484449999727e+03
4.848462324090000038e+03
4.848887736599999698e+03
4.849169081299999561e+03
4.849669064839999919e+03
4.850198269919999802e+03
4.851495948710000448e+03
4.851870588980000321e+03
4.852019889780000085e+03
4.852558795220000320e+03
4.853028331669999716e+03
4.853275359469999785e+03
4.853784875029999967e+03
4.854165590419999717e+03
4.854356749759999730e+03
4.854607352660000288e+03
4.854873837860000094e+03
4.855159842070000195e+03
4.855416007099999661e+03
4.855679528159999791e+03
4.856017176309999741e+03
4.856188492469999801e+03
4.856895407889999660e+03
4.857097374220000347e+03
4.857395968589999939e+03
4.857768721239999650e+03
4.858266931500000283e+03
4.858510011319999649e+03
4.859125388980000025e+03
4.859317078019999826e+03
4.859749546650000411e+03
4.863084761520000029e+03
4.863238901390000137e+03
4.863649405549999756e+03
4.863932834389999698e+03
4.864315453629999865e+03
4.864736362489999919e+03
4.865615574030000062e+03
4.866277113090000057e+03
4.866580817430000025e+03
4.866902022590000342e+03
4.867537341639999795e+03
4.867873247300000003e+03
4.868264996590000010e+03
4.868406755899999553e+03
4.868931251990000419e+03
4.869154008280000198e+03
4.869466636699999981e+03
4.869868321689999902e+03
4.870129756729999826e+03
4.870419264199999816e+03
4.870815498050000315e+03
4.871327323350000370e+03
4.871941676350000307e+03
4.872145946849999746e+03
4.872693250170000283e+03
4.872914690769999652e+03
4.873256090709999626e+03
4.873447075699999914e+03
4.873753409269999793e+03
4.874013937159999841e+03
4.874358182359999773e+03
4.874796220189999985e+03
4.875032317250000233e+03
4.875490486779999628e+03
4.875882458289999704e+03
4.876177299599999969e+03
4.876408261620000303e+03
4.876673962650000249e+03
4.877608852000000297e+03
4.878207739589999619e+03
4.878723218479999559e+03
4.879160086169999886e+03
4.880059432199999719e+03
4.880278599389999727e+03
4.880534914179999760e+03
4.880936337199999798e+03
4.881239729910000278e+03
4.881563129209999715e+03
4.881723500099999910e+03
4.882149650590000419e+03
4.882707883490000313e+03
4.883449889169999551e+03
4.883688281490000008e+03
4.883909393050000290e+03
4.884064103820000128e+03
4.884602573309999570e+03
4.884934547779999775e+03
4.885087711950000084e+03
4.885435798100000284e+03
4.885775822640000115e+03
4.885954284550000011e+03
4.886336776439999994e+03
4.886725396750000073e+03
4.887012319800000114e+03
4.887195430949999718e+03
4.887365395290000379e+03
4.887692209799999546e+03
4.888166132039999866e+03
4.888642456450000282e+03
4.889658111060000010e+03
4.890765016239999568e+03
4.891501478189999943e+03
4.892862880519999635e+03
4.893047204170000441e+03
4.893416182580000168e+03
4.893699187060000440e+03
4.893823425919999863e+03
4.894367542109999704e+03
4.894562586570000349e+03
4.894836396869999589e+03
4.896441124080000009e+03
4.897183789550000256e+03
4.897458697889999712e+03
4.897843212579999999e+03
4.898460145910000392e+03
4.898610043779999614e+03
4.899518619290000061e+03
4.899916695740000250e+03
4.900122040860000197e+03
4.900618263729999853e+03
4.900822136540000429e+03
4.900975649150000208e+03
4.901296028280000428e+03
4.901652277879999929e+03
4.901901297229999727e+03
4.902221092580000004e+03
4.902390195680000033e+03
4.902614109350000035e+03
4.903313414580000426e+03
4.903729117410000072e+03
4.904418262520000098e+03
4.904850563089999923e+03
4.905137533670000266e+03
4.905800767949999681e+03
4.906137159709999651e+03
4.906397064280000450e+03
4.906771998899999744e+03
4.907082785870000407e+03
4.907737297810000200e+03
4.908028405199999725e+03
4.908299922590000278e+03
4.908455527049999546e+03
4.908608732020000389e+03
4.909105883739999626e+03
4.909388633069999742e+03
4.909727377270000034e+03
4.910023382870000205e+03
4.910330674740000177e+03
4.910570535750000090e+03
4.911198200290000386e+03
4.911379626539999663e+03
4.911530694109999786e+03
4.911781748520000292e+03
4.912025396840000212e+03
4.912495918810000148e+03
4.912955746259999614e+03
4.913138715379999667e+03
4.913621215520000078e+03
4.913978405810000368e+03
4.914389544259999639e+03
4.914518982139999935e+03
4.914963925109999764e+03
4.915233571560000200e+03
4.915828529530000196e+03
4.916237259139999878e+03
4.916489443690000371e+03
4.916663921340000343e+03
4.916852722779999567e+03
4.917234308920000331e+03
4.917839029869999649e+03
4.918016237310000179e+03
4.918370135109999865e+03
4.918710556840000208e+03
4.918999690820000069e+03
4.919868101590000151e+03
4.920512542030000077e+03
4.920956965479999781e+03
4.921778011600000355e+03
4.922268382510000265e+03
4.922822402359999614e+03
4.923156252239999958e+03
4.923931859489999624e+03
4.924303026999999929e+03
4.924776179079999565e+03
4.925277831829999741e+03
4.925573729210000238e+03
4.926153416129999641e+03
4.926685948039999857e+03
4.926836256370000228e+03
4.927429451590000099e+03
4.927873392939999576e+03
4.928339362190000429e+03
4.930311367049999717e+03
4.930805515109999760e+03
4.931120699600000080e+03
4.931697902040000372e+03
4.932073378129999583e+03
4.933331451009999910e+03
4.933693555460000425e+03
4.933879652249999708e+03
4.934070301839999956e+03
4.934608508110000002e+03
4.935004192100000182e+03
4.935426830710000104e+03
4.935835330980000435e+03
4.936342395220000071e+03
4.936702299049999965e+03
4.937068444520000412e+03
4.937347434780000185e+03
4.937732315750000453e+03
4.938177016829999957e+03
4.938469166810000388e+03
4.938821174499999870e+03
4.939241372690000389e+03
4.939692713190000177e+03
4.940065483770000355e+03
4.940495296080000116e+03
4.940731860400000187e+03
4.940973786419999669e+03
4.941182553259999622e+03
4.941574769900000319e+03
4.941883572409999942e+03
4.942486216850000346e+03
4.943066273759999603e+03
4.943900733389999914e+03
4.944290591050000330e+03
4.944576421249999839e+03
4.945450942209999994e+03
4.945640358460000243e+03
4.946034374890000436e+03
4.946395189199999550e+03
4.947028225199999724e+03
4.947605659580000065e+03
4.947969525919999796e+03
4.948200020289999884e+03
4.948617884850000337e+03
4.949587138650000270e+03
4.950111350320000383e+03
4.950409827790000236e+03
4.950610231960000419e+03
4.951429659700000229e+03
4.952282411029999821e+03
4.952647916830000213e+03
4.953211112340000000e+03
4.953719245860000228e+03
4.954014361780000399e+03
4.954312818399999742e+03
4.954613100589999704e+03
4.954808579049999935e+03
4.955331402759999946e+03
4.955989635380000436e+03
4.957308110680000027e+03
4.957606255239999882e+03
4.958254040939999868e+03
4.959175720109999929e+03
4.959687375669999710e+03
4.960321280899999692e+03
4.960872398700000304e+03
4.961047213359999660e+03
4.961377456940000229e+03
4.961922670050000306e+03
4.962287846600000194e+03
4.962577556070000355e+03
4.963067430750000312e+03
4.963267277400000239e+03
4.963547998590000134e+03
4.963750769500000388e+03
4.964127903220000007e+03
4.964471276860000216e+03
4.964725008479999815e+03
4.964932166210000105e+03
4.965175283290000152e+03
4.965853097600000183e+03
4.966096571410000251e+03
4.966589203159999670e+03
4.966799197669999558e+03
4.967370466870000200e+03
4.967526709060000030e+03
4.967903234690000318e+03
4.968403900860000249e+03
4.968701428319999650e+03
4.969164307269999881e+03
4.969424502550000398e+03
4.969922031439999955e+03
4.970499115020000318e+03
4.970651874170000156e+03
4.971058099009999751e+03
4.971351784950000365e+03
4.971919092389999605e+03
4.972187344279999706e+03
4.972665476420000232e+03
4.973099669879999965e+03
4.973361007299999983e+03
4.974442648360000021e+03
4.974898481969999921e+03
4.975370892539999659e+03
4.975857559389999551e+03
4.976140567909999845e+03
4.976328776350000226e+03
4.976697977759999958e+03
4.976881490900000244e+03
4.977667751300000418e+03
4.978183817909999561e+03
4.978592127029999574e+03
4.978926096899999720e+03
4.979218290929999966e+03
4.979587583569999879e+03
4.979865717149999909e+03
4.980176188360000197e+03
4.980545427920000293e+03
4.981335188539999763e+03
4.981738921309999569e+03
4.982135456169999998e+03
4.982507084840000061e+03
4.982821431870000197e+03
4.983257367150000391e+03
4.983858873010000025e+03
4.984120132240000203e+03
4.984446594959999857e+03
4.984619135539999661e+03
4.985259076070000447e+03
4.985553771220000272e+03
4.985986776210000244e+03
4.986227836699999898e+03
4.986486716170000363e+03
4.986907697450000342e+03
4.987089689610000278e+03
4.987288841229999889e+03
4.987433991910000259e+03
4.987615786000000298e+03
4.987854106740000134e+03
4.988131383199999618e+03
4.988618598349999957e+03
4.988956578229999650e+03
4.989136130290000438e+03
4.989551703250000173e+03
4.989954470360000414e+03
4.990285998800000016e+03
4.990453562720000264e+03
4.991074340199999824e+03
4.991273603190000358e+03
4.991866837689999556e+03
4.992310812050000095e+03
4.992786608420000448e+03
4.993351248259999920e+03
4.993702766620000148e+03
4.994136512799999764e+03
4.994573466689999805e+03
4.994831984350000312e+03
4.995049398619999920e+03
4.995412222259999908e+03
4.995657891220000238e+03
4.995877672069999790e+03
4.996192402669999865e+03
4.996373413020000044e+03
4.996845486260000143e+03
4.997102014459999737e+03
4.997547685180000371e+03
4.997708158520000325e+03
4.997964353250000386e+03
4.998229762779999874e+03
4.998535267420000309e+03
4.999116341650000322e+03
4.999509707129999697e+03
4.999975504969999747e+03
5.000348397849999856e+03
5.000732562479999615e+03
5.000992526500000167e+03
5.001223945880000429e+03
5.001494576490000327e+03
5.001871372720000181e+03
5.002319349530000181e+03
5.002586788399999932e+03
5.002798632320000252e+03
5.003096692799999801e+03
5.003357786960000340e+03
5.003745959230000153e+03
5.004048422769999888e+03
5.004366313849999642e+03
5.004897464399999990e+03
5.005177257219999774e+03
5.005425339049999820e+03
5.005719101980000232e+03
5.006127454880000187e+03
5.006697390930000438e+03
5.007237085759999900e+03
5.007734714010000062e+03
5.008035967949999758e+03
5.008203192330000093e+03
5.008464331580000362e+03
5.008643312930000320e+03
5.008814440930000274e+03
5.009207986749999691e+03
5.009440227989999585e+03
5.009650451239999711e+03
5.009831628279999677e+03
5.010028194069999699e+03
5.010227696250000008e+03
5.010942465649999576e+03
5.011223966909999945e+03
5.011746548629999779e+03
5.012080322069999966e+03
5.012447481080000216e+03
5.012701705049999873e+03
5.013003845940000247e+03
5.013301023979999627e+03
5.013696810669999650e+03
5.013916589090000343e+03
5.014264502089999951e+03
5.014948682790000021e+03
5.015328266470000017e+03
5.016168093729999782e+03
5.016478766180000093e+03
5.016885573980000117e+03
5.017188723590000336e+03
5.017582815579999988e+03
5.018291438909999670e+03
5.018447190079999928e+03
5.019181087719999596e+03
5.019470593379999627e+03
5.019733618170000227e+03
5.020031054779999977e+03
5.020501773320000211e+03
5.020678255539999554e+03
5.020821391829999811e+03
5.021000664490000418e+03
5.021168625510000311e+03
5.021605528230000346e+03
5.021926346090000152e+03
5.022241027349999968e+03
5.022873086409999814e+03
5.023189773070000228e+03
5.023499781370000164e+03
5.023851066410000385e+03
5.024011823390000245e+03
5.024202432950000002e+03
5.024849264980000044e+03
5.025084792089999610e+03
5.025306664749999982e+03
5.025566911099999743e+03
5.025770461709999836e+03
5.026329963230000430e+03
5.026487432580000132e+03
5.027133161710000422e+03
5.027761869799999658e+03
5.028131798090000302e+03
5.028357292720000260e+03
5.028977060709999932e+03
5.029622875740000381e+03
5.029910982180000246e+03
5.030420049489999656e+03
5.030623819149999690e+03
5.030781768470000316e+03
5.031022851779999655e+03
5.031475781230000393e+03
5.031757882789999712e+03
5.031921615469999779e+03
5.032354358110000248e+03
5.032729274110000006e+03
5.033216865960000177e+03
5.033607527660000414e+03
5.033777850489999764e+03
5.034203962010000396e+03
5.034360839910000323e+03
5.034487353530000291e+03
5.034902481570000418e+03
5.035368217680000271e+03
5.035932291500000247e+03
5.036274288479999996e+03
5.036469055890000163e+03
5.036923873450000428e+03
5.037334763210000347e+03
5.037708840999999666e+03
5.038405299899999591e+03
5.038593637730000410e+03
5.039260788219999995e+03
5.039963904449999973e+03
5.040259968029999982e+03
5.040622398839999732e+03
5.040894693150000421e+03
5.041076117530000374e+03
5.041442717910000283e+03
5.041620627479999712e+03
5.041767999269999564e+03
5.042190828800000418e+03
5.042561148320000029e+03
5.042877531760000238e+03
5.043308883319999950e+03
5.043587880639999639e+03
5.044218602470000405e+03
5.044796599719999904e+03
5.045270661329999712e+03
5.045412904460000391e+03
5.045922800970000026e+03
5.046232328410000264e+03
5.046947047050000037e+03
5.047118614109999726e+03
5.047304555869999604e+03
5.048059867910000321e+03
5.048214286739999807e+03
5.048439887900000031e+03
5.048850744190000114e+03
5.049230289490000359e+03
5.049412685960000090e+03
5.049829380719999790e+03
5.050134551430000101e+03
5.050449262809999709e+03
5.050754923710000185e+03
5.050960035189999871e+03
5.051326530790000106e+03
5.051643517810000048e+03
5.051902045849999922e+03
5.052153690549999737e+03
5.052628388119999727e+03
5.052881010320000314e+03
5.053315478569999868e+03
5.053581331110000065e+03
5.054074223800000254e+03
5.054251866180000434e+03
5.054646038030000454e+03
5.055050398630000018e+03
5.055424072609999712e+03
5.055585331389999737e+03
5.055784970609999618e+03
5.055984889309999744e+03
5.056420396389999951e+03
5.056850560009999754e+03
5.057303242400000272e+03
5.057487597870000172e+03
5.057983944880000308e+03
5.058264586010000130e+03
5.058501463290000174e+03
5.058914937659999850e+03
5.059235445729999810e+03
5.059393140610000046e+03
5.059786374729999807e+03
5.060076242479999564e+03
5.060407684370000425e+03
5.061392323580000266e+03
5.061523425770000358e+03
5.061719395410000288e+03
5.062104829240000072e+03
5.063164603410000382e+03
5.063522661869999865e+03
5.063846056020000105e+03
5.064064213589999781e+03
5.064365662359999988e+03
5.064657966169999781e+03
5.065015401339999698e+03
5.065197285080000256e+03
5.065697651899999983e+03
5.065972403449999547e+03
5.066303132729999561e+03
5.066720630609999716e+03
5.067155586320000111e+03
5.067523528789999546e+03
5.067727617929999724e+03
5.068305136019999736e+03
5.068773606599999766e+03
5.069079179749999639e+03
5.069398480640000344e+03
5.069621977239999978e+03
5.069793860769999810e+03
5.070005227919999925e+03
5.070437655839999934e+03
5.070928431930000443e+03
5.071124502659999962e+03
5.071485535560000244e+03
5.071798118779999641e+03
5.072081576739999946e+03
5.072291003000000273e+03
5.072678810360000170e+03
5.072930675229999906e+03
5.073445411460000287e+03
5.073758939700000155e+03
5.074756926850000127e+03
5.075307728689999749e+03
5.075731155620000209e+03
5.075889841899999738e+03
5.076100754439999946e+03
5.076279561219999778e+03
5.076609407990000363e+03
5.076906687839999904e+03
5.077377034879999883e+03
5.077618540700000267e+03
5.077837199100000362e+03
5.078071043480000299e+03
5.078365815459999794e+03
5.078521058790000097e+03
5.078981616140000369e+03
5.079229346019999866e+03
5.079549607619999733e+03
5.079746261610000147e+03
5.079962353099999746e+03
5.080360696290000305e+03
5.080536546799999996e+03
5.081115858899999694e+03
5.081579483229999823e+03
5.081835370619999594e+03
5.082046510840000337e+03
5.082348264899999776e+03
5.083032080779999887e+03
5.083345911780000279e+03
5.083717229609999777e+03
5.083867311899999549e+03
5.084103246329999820e+03
5.084388211919999776e+03
5.084560658649999823e+03
5.084694504779999988e+03
5.084836772429999655e+03
5.085021052109999800e+03
5.085180195060000187e+03
5.085337934709999899e+03
5.085498049560000254e+03
5.085677310559999569e+03
5.085910749169999690e+03
5.086249226560000352e+03
5.086643974069999786e+03
5.086775222670000403e+03
5.087060957470000176e+03
5.087425443389999600e+03
5.088153777819999959e+03
5.088547583599999598e+03
5.088738550089999990e+03
5.088960848140000053e+03
5.089216275879999557e+03
5.089841458230000171e+03
5.090059430199999952e+03
5.090231874050000442e+03
5.090391759369999818e+03
5.090780687450000187e+03
5.091312376609999774e+03
5.091725612479999654e+03
5.091886908749999748e+03
5.092136080930000389e+03
5.092310201719999895e+03
5.092482786769999620e+03
5.092806256060000123e+03
5.093297510110000076e+03
5.093443584859999646e+03
5.093585926429999745e+03
5.094034730970000055e+03
5.094415530109999963e+03
5.094600562589999754e+03
5.094940134430000398e+03
5.095180043909999767e+03
5.095348015980000127e+03
5.095839966079999613e+03
5.096184529860000112e+03
5.097007169780000368e+03
5.097320877870000004e+03
5.097491664109999874e+03
5.097689345060000051e+03
5.098135467779999999e+03
5.098314961070000209e+03
5.098707073790000322e+03
5.099079203649999727e+03
5.099332313400000203e+03
5.099934123230000296e+03
5.100248723319999954e+03
5.100466471409999940e+03
5.100647754190000342e+03
5.100922947549999662e+03
5.101088408939999681e+03
5.101439381590000266e+03
5.101978653719999784e+03
5.102257083739999871e+03
5.102447305269999561e+03
5.102660413800000242e+03
5.102970897629999854e+03
5.103394898819999980e+03
5.103754953079999723e+03
5.104035863940000127e+03
5.104194541589999972e+03
5.104447931929999868e+03
5.104876625150000109e+03
5.105050897479999549e+03
5.105543144129999746e+03
5.106251718739999887e+03
5.106435358359999555e+03
5.106593130539999947e+03
5.106868998470000406e+03
5.107455886089999694e+03
5.107646791309999571e+03
5.107897234140000364e+03
5.108208105570000043e+03
5.108391351649999706e+03
5.108638177949999772e+03
5.108930097510000451e+03
5.109125508209999680e+03
5.109306491399999686e+03
5.109447632440000234e+03
5.109653584020000380e+03
5.110024937799999861e+03
5.110413722530000086e+03
5.110751156520000222e+03
5.110980164620000323e+03
5.111374946910000290e+03
5.111631566600000042e+03
5.111850780249999843e+03
5.112273305439999604e+03
5.112492592220000006e+03
5.112652337640000042e+03
5.113132145859999582e+03
5.113444751160000123e+03
5.114026537880000433e+03
5.114262071969999852e+03
5.114503277439999692e+03
5.115398033749999740e+03
5.115783847949999654e+03
5.116142731969999659e+03
5.116473575840000194e+03
5.116766575020000346e+03
5.117937306539999554e+03
5.118102514430000156e+03
5.118810931240000173e+03
5.119136111900000287e+03
5.119371271379999598e+03
5.119905845909999698e+03
5.120104378019999785e+03
5.120421722080000109e+03
5.120642819679999775e+03
5.120883970720000434e+03
5.121243675720000283e+03
5.121638063909999801e+03
5.121956704060000447e+03
5.122117220209999687e+03
5.122283769439999560e+03
5.122804921810000451e+03
5.122998114429999987e+03
5.123233630980000271e+03
5.123462532139999894e+03
5.123730404410000119e+03
5.124026367389999905e+03
5.124387557670000206e+03
5.124613152980000450e+03
5.124793296949999785e+03
5.125124210310000308e+03
5.125495481019999715e+03
5.125670068250000440e+03
5.125833472340000299e+03
5.126197178419999545e+03
5.126502152459999706e+03
5.126678698939999776e+03
5.126950161470000239e+03
5.127366747770000075e+03
5.127685714000000189e+03
5.127875782539999818e+03
5.128087104070000350e+03
5.128490953640000043e+03
5.128895393169999807e+03
5.129161988050000218e+03
5.129370576010000150e+03
5.129631232110000383e+03
5.129924923890000173e+03
5.130130038620000050e+03
5.130364922630000365e+03
5.130573484710000230e+03
5.130975009560000217e+03
5.131291572279999855e+03
5.131475454559999889e+03
5.131768124709999938e+03
5.132147299590000330e+03
5.132348395429999982e+03
5.132499856440000258e+03
5.132675348290000329e+03
5.132940550970000004e+03
5.133170802110000295e+03
5.133698304929999722e+03
5.134216460599999664e+03
5.134571656889999758e+03
5.135104448039999625e+03
5.135585359310000058e+03
5.136088163540000096e+03
5.136267356970000037e+03
5.136445492589999958e+03
5.136658666450000055e+03
5.136803523700000369e+03
5.137077169649999632e+03
5.137389947409999877e+03
5.137948528779999833e+03
5.138110320800000409e+03
5.138351075589999709e+03
5.138715622910000093e+03
5.139261913260000256e+03
5.139472135439999875e+03
5.139922254670000257e+03
5.140188116790000095e+03
5.140377120930000274e+03
5.140822651710000173e+03
5.141219012399999883e+03
5.141744219150000390e+03
5.142114575200000218e+03
5.142529491690000214e+03
5.142782875580000109e+03
5.142936168619999989e+03
5.143330462869999792e+03
5.143727008840000053e+03
5.144031475920000048e+03
5.144391019849999793e+03
5.144669232430000193e+03
5.145100796509999782e+03
5.145466852309999922e+03
5.145753845000000183e+03
5.146130141450000337e+03
5.146296891850000065e+03
5.146490041660000315e+03
5.146787393149999843e+03
5.147098925379999855e+03
5.147303248659999554e+03
5.147484003139999913e+03
5.147711753720000161e+03
5.148049706669999978e+03
5.148235582680000334e+03
5.148670965299999807e+03
5.148838912270000037e+03
5.149102974800000084e+03
5.149508885629999895e+03
5.149803513560000283e+03
5.150178069370000230e+03
5.150559578399999737e+03
5.150851433030000408e+03
5.151176765989999694e+03
5.151465205049999895e+03
5.151915508539999792e+03
5.152190208300000450e+03
5.152603842610000356e+03
5.152956490370000211e+03
5.153246364059999905e+03
5.153671526140000424e+03
5.153865280320000238e+03
5.154077342939999653e+03
5.154426591980000012e+03
5.154735468500000025e+03
5.154920624739999766e+03
5.155131853199999568e+03
5.155524654820000251e+03
5.155768831180000234e+03
5.156063766639999812e+03
5.156353164070000275e+03
5.156626793630000066e+03
5.156997082750000118e+03
5.157196591189999708e+03
5.157619677300000149e+03
5.157986212179999711e+03
5.158537158580000323e+03
5.159064300439999897e+03
5.159460443840000153e+03
5.159768036149999716e+03
5.159955458409999665e+03
5.160188892729999679e+03
5.160834721119999813e+03
5.161034729930000140e+03
5.161185743979999643e+03
5.161466938520000440e+03
5.161746096699999725e+03
5.162281537470000330e+03
5.162547000649999973e+03
5.162732869000000392e+03
5.162907990720000271e+03
5.163117266279999967e+03
5.163424651299999823e+03
5.163599112550000427e+03
5.163853920620000281e+03
5.164236765710000327e+03
5.164550519499999609e+03
5.164724345650000032e+03
5.165068981090000307e+03
5.165416593070000090e+03
5.165948021430000153e+03
5.166285290179999720e+03
5.167331062109999948e+03
5.167498761349999768e+03
5.168154060740000205e+03
5.168658533830000124e+03
5.168907886140000301e+03
5.169297253800000362e+03
5.169477489760000026e+03
5.170096685350000371e+03
5.170587506920000124e+03
5.170769246509999903e+03
5.171028493879999587e+03
5.171608473639999829e+03
5.172695470599999680e+03
5.173749113750000106e+03
5.174440204229999836e+03
5.174920913220000330e+03
5.175239162130000295e+03
5.175395826799999668e+03
5.175700780819999636e+03
5.176119472059999680e+03
5.176565105550000226e+03
5.176793777320000117e+03
5.177251411960000041e+03
5.177598989269999947e+03
5.177816963580000447e+03
5.178012397899999996e+03
5.178189253090000420e+03
5.178478961239999990e+03
5.178803189760000350e+03
5.179088121079999837e+03
5.179376153619999968e+03
5.179531715860000077e+03
5.179784878340000432e+03
5.180063047429999642e+03
5.180385798620000060e+03
5.180586360549999881e+03
5.180889930110000023e+03
5.181313451570000325e+03
5.181529750220000096e+03
5.181744260589999612e+03
5.181965748679999706e+03
5.182387459820000004e+03
5.183615547180000249e+03
5.184267257090000385e+03
5.184560912719999578e+03
5.185735347709999587e+03
5.185907446559999698e+03
5.186335628009999709e+03
5.186555582220000360e+03
5.187251650530000006e+03
5.187498195309999574e+03
5.187916597890000048e+03
5.188372613649999948e+03
5.188696182730000146e+03
5.188851457949999713e+03
5.189584373839999898e+03
5.189793499850000444e+03
5.190186997449999581e+03
5.190546733520000089e+03
5.191065337500000169e+03
5.191463263110000298e+03
5.192005125509999743e+03
5.192352379580000161e+03
5.192976467290000073e+03
5.193344322029999603e+03
5.193495757319999939e+03
5.193873135249999905e+03
5.194047516440000436e+03
5.194949774880000405e+03
5.195479493169999841e+03
5.196064333180000176e+03
5.196452987710000343e+03
5.197167760590000398e+03
5.197575205170000118e+03
5.197942407380000077e+03
5.198333273700000063e+03
5.198716848570000366e+03
5.199584229840000262e+03
5.200171902029999728e+03
5.200417335080000157e+03
5.200806610519999595e+03
5.201077912480000123e+03
5.201636156890000166e+03
5.202329691889999594e+03
5.202758407459999944e+03
5.202976324969999951e+03
5.203499261279999700e+03
5.204544761799999833e+03
5.205149403829999756e+03
5.205298596530000395e+03
5.205737522000000354e+03
5.206045817399999578e+03
5.206561667230000239e+03
5.206806170840000050e+03
5.207088383690000228e+03
5.207275150190000204e+03
5.207592876669999896e+03
5.207929359179999665e+03
5.208434762689999843e+03
5.208600695840000299e+03
5.209581162440000298e+03
5.209752020320000156e+03
5.209877321549999579e+03
5.210055267099999583e+03
5.210394458320000012e+03
5.210751786670000001e+03
5.210950128249999580e+03
5.211213001490000352e+03
5.211533905459999914e+03
5.211828368190000219e+03
5.212243011859999569e+03
5.212691783450000003e+03
5.213003465359999609e+03
5.213344354769999882e+03
5.213811996329999602e+03
5.214136647280000034e+03
5.214616469460000189e+03
5.215188062829999581e+03
5.215551802699999826e+03
5.216282948580000266e+03
5.216476840119999906e+03
5.217396576899999673e+03
5.217916472590000012e+03
5.218209262680000393e+03
5.218509532469999613e+03
5.219025642259999586e+03
5.219704709059999914e+03
5.220084846579999976e+03
5.220290775960000246e+03
5.220890901390000181e+03
5.221041023589999895e+03
5.221759058859999641e+03
5.222225547340000048e+03
5.222401908099999673e+03
5.222678102879999642e+03
5.223010113149999597e+03
5.223188608329999624e+03
5.223624216750000414e+03
5.223887382390000312e+03
5.224082510940000248e+03
5.224310262179999881e+03
5.224547280449999562e+03
5.224949000519999572e+03
5.225532855780000318e+03
5.225818223889999899e+03
5.226085364560000016e+03
5.226546736870000132e+03
5.226871068379999997e+03
5.227192850610000278e+03
5.227726692199999889e+03
5.228096070139999938e+03
5.228382213599999886e+03
5.229859337029999551e+03
5.230215970150000430e+03
5.230683866209999906e+03
5.230975941229999989e+03
5.231405290570000034e+03
5.232950143830000343e+03
5.233810578640000131e+03
5.234068399349999709e+03
5.234630333770000107e+03
5.235191974239999581e+03
5.235394063020000431e+03
5.236207016260000273e+03
5.236390115359999982e+03
5.237085071769999558e+03
5.237323140430000421e+03
5.237844517720000113e+03
5.238249770290000015e+03
5.238577032680000229e+03
5.238965202180000233e+03
5.239505096050000247e+03
5.239822808889999578e+03
5.240111437190000288e+03
5.240477155239999774e+03
5.240879605350000020e+03
5.241462380590000066e+03
5.241917334849999861e+03
5.242063394019999578e+03
5.242498581859999831e+03
5.243178610869999829e+03
5.243358410019999610e+03
5.243781853260000389e+03
5.244534766959999615e+03
5.246002010199999859e+03
5.246128467810000075e+03
5.246365009410000312e+03
5.246562113459999637e+03
5.246769871790000252e+03
5.247056974160000209e+03
5.247290883829999984e+03
5.247573910170000090e+03
5.247923430830000143e+03
5.248376644580000175e+03
5.249108667339999556e+03
5.249430337589999908e+03
5.249591247360000125e+03
5.250023296760000449e+03
5.250215383380000276e+03
5.250652091109999674e+03
5.250925458620000427e+03
5.251487763240000277e+03
5.251796606660000180e+03
5.251969711390000157e+03
5.252107849060000262e+03
5.252410127639999700e+03
5.253026330370000323e+03
5.253468311599999652e+03
5.253956503430000339e+03
5.254652936520000367e+03
5.254954462140000032e+03
5.255317337980000048e+03
5.255514691430000312e+03
5.255735175210000307e+03
5.256936683140000241e+03
5.257643603980000080e+03
5.258325796590000209e+03
5.258832596209999792e+03
5.259109595429999899e+03
5.259472321770000235e+03
5.259730251070000122e+03
5.259974265759999980e+03
5.260387916699999550e+03
5.260699143009999716e+03
5.261709334180000042e+03
5.262238849549999941e+03
5.262624920109999948e+03
5.262886524339999596e+03
5.263314801169999555e+03
5.263862452829999711e+03
5.264190251480000370e+03
5.264809132440000212e+03
5.265156939159999638e+03
5.265558467500000006e+03
5.265723298029999569e+03
5.265971770940000170e+03
5.266564635839999937e+03
5.267098779590000049e+03
5.267274976229999993e+03
5.267662994569999682e+03
5.268339225800000349e+03
5.268610605750000104e+03
5.269547868009999547e+03
5.270353414819999671e+03
5.271058588459999555e+03
5.271290536010000324e+03
5.271613690580000366e+03
5.272003659019999759e+03
5.272262902090000352e+03
5.273172089140000026e+03
5.273385612379999657e+03
5.274236167570000362e+03
5.274534730889999992e+03
5.274988056789999973e+03
5.275277984520000246e+03
5.275758135879999827e+03
5.276042231559999891e+03
5.277310719709999830e+03
5.278237383050000062e+03
5.278788075679999565e+03
5.279661137920000328e+03
5.279879664050000429e+03
5.280072948729999553e+03
5.280352875909999966e+03
5.280635239700000056e+03
5.281160646110000016e+03
5.281328329660000236e+03
5.281798871230000259e+03
5.282395644490000450e+03
5.283629530359999990e+03
5.284110106250000172e+03
5.284420746650000183e+03
5.284611078119999547e+03
5.285132444500000020e+03
5.285643058329999803e+03
5.287180971329999920e+03
5.287577856150000116e+03
5.287788341159999618e+03
5.288532743689999734e+03
5.288805935559999853e+03
5.289277676269999574e+03
5.289827925929999765e+03
5.290814485089999835e+03
5.292203465579999829e+03
5.292586733469999672e+03
5.292867807790000370e+03
5.293034901420000097e+03
5.293376074380000318e+03
5.293963781170000402e+03
5.294550331759999608e+03
5.295318197450000298e+03
5.295781750140000440e+03
5.296080111799999941e+03
5.296700197240000307e+03
5.297385841080000318e+03
5.298023766860000251e+03
5.298282217979999587e+03
5.298491074350000417e+03
5.298785536200000024e+03
5.299992471489999843e+03
5.300404781430000185e+03
5.300752600779999739e+03
5.301047795249999581e+03
5.301327005400000417e+03
5.301873088710000047e+03
5.302308329149999736e+03
5.303228991990000395e+03
5.303548329000000194e+03
5.303846654529999796e+03
5.304183213539999997e+03
5.304566948439999578e+03
5.305031953620000422e+03
5.305868365649999760e+03
5.307366217540000434e+03
5.308434209809999629e+03
5.308684968990000016e+03
5.308902381099999729e+03
5.310219035469999653e+03
5.310475674889999937e+03
5.310694543739999972e+03
5.311453586620000351e+03
5.311630576339999607e+03
5.312659811169999557e+03
5.312858563480000157e+03
5.313243284039999708e+03
5.313582837799999652e+03
5.314727848120000090e+03
5.314916745020000235e+03
5.315076383599999645e+03
5.315782020480000028e+03
5.316621483029999581e+03
5.317546467889999803e+03
5.318353564490000281e+03
5.318774672440000359e+03
5.319039566209999975e+03
5.319296000620000086e+03
5.319816592150000361e+03
5.320040778239999781e+03
5.320817403480000394e+03
5.321113469240000086e+03
5.321753256949999923e+03
5.322047963469999559e+03
5.322787863630000174e+03
5.324189198060000308e+03
5.325276297159999558e+03
5.325558705020000161e+03
5.325960871809999844e+03
5.326148291870000321e+03
5.326821290179999778e+03
5.327266426459999821e+03
5.328047719940000206e+03
5.328329366339999979e+03
5.328539111910000429e+03
5.329146312490000128e+03
5.329795093689999703e+03
5.329993412099999659e+03
5.330562209769999754e+03
5.331461933730000055e+03
5.332353997219999655e+03
5.332666285629999948e+03
5.332906592649999766e+03
5.333657989309999721e+03
5.334214371519999986e+03
5.334864854899999955e+03
5.336173887339999965e+03
5.336488818599999831e+03
5.336791807149999840e+03
5.337743948569999702e+03
5.338320681729999706e+03
5.338554054500000348e+03
5.339425890139999865e+03
5.339937819300000228e+03
5.340451180410000234e+03
5.341027901520000341e+03
5.342706586729999799e+03
5.342976939860000130e+03
5.343433049930000379e+03
5.344248057060000065e+03
5.344447020210000119e+03
5.344760750860000371e+03
5.345806154279999646e+03
5.346552299500000117e+03
5.346813068239999666e+03
5.347504230759999700e+03
5.347712331570000060e+03
5.348057921020000322e+03
5.348324362770000334e+03
5.348753643680000096e+03
5.349099822500000300e+03
5.349467608850000033e+03
5.349743304749999879e+03
5.350076556580000215e+03
5.350347834019999937e+03
5.351070636489999742e+03
5.352046719750000193e+03
5.352974178899999970e+03
5.353383547749999707e+03
5.354892354550000164e+03
5.355721548409999741e+03
5.356097434369999974e+03
5.356976817200000369e+03
5.357183469440000408e+03
5.358118672780000452e+03
5.358924151160000292e+03
5.359201878890000444e+03
5.359535119309999573e+03
5.359709903900000427e+03
5.361627048549999927e+03
5.362849916420000227e+03
5.364433804659999623e+03
5.364879781290000210e+03
5.365405280959999800e+03
5.366428118069999982e+03
5.366648509939999713e+03
5.367475750059999882e+03
5.368276751700000204e+03
5.368525876360000439e+03
5.368894888630000423e+03
5.369598322810000354e+03
5.369971249729999727e+03
5.370327429289999600e+03
5.371499630739999702e+03
5.373714101630000187e+03
5.374148290670000279e+03
5.374782890899999984e+03
5.375171657390000291e+03
5.375323366270000406e+03
5.376112340059999951e+03
5.376835463319999690e+03
5.377047075280000172e+03
5.377614572999999837e+03
5.378223221420000300e+03
5.379580512950000411e+03
5.380322698390000369e+03
5.380721009959999719e+03
5.381028059770000255e+03
5.381332999299999756e+03
5.381773985920000086e+03
5.382276360570000179e+03
5.383378648719999546e+03
5.384098067910000282e+03
5.384635686480000004e+03
5.385135638169999766e+03
5.385587766980000197e+03
5.386336913889999778e+03
5.386797777609999685e+03
5.386970565470000111e+03
5.387283169600000292e+03
5.387515193399999589e+03
5.388350471490000018e+03
5.389172580139999809e+03
5.389486043320000135e+03
5.389842205500000091e+03
5.389995353799999975e+03
5.390530454130000180e+03
5.390767511969999759e+03
5.391462506169999870e+03
5.391627663340000254e+03
5.392032487530000253e+03
5.392336755600000288e+03
5.393176216210000348e+03
5.394339695599999686e+03
5.394676637130000017e+03
5.395220537109999896e+03
5.395442508570000427e+03
5.396252650880000147e+03
5.396595336129999851e+03
5.397139391249999790e+03
5.397621473049999622e+03
5.398285533500000383e+03
5.398855094499999723e+03
5.399480157289999624e+03
5.399766050600000199e+03
5.400512479140000323e+03
5.401272208690000298e+03
5.401708227049999550e+03
5.402071716479999850e+03
5.402779561110000031e+03
5.403480861390000427e+03
5.403828983190000145e+03
5.404146187839999584e+03
5.404551070980000077e+03
5.404998877310000353e+03
5.405357685410000158e+03
5.405785508760000084e+03
5.406336821040000359e+03
5.406779279700000188e+03
5.407426855470000191e+03
5.408137488819999817e+03
5.408375775600000452e+03
5.408944225919999553e+03
5.409139406209999834e+03
5.409794436389999646e+03
5.410441153439999653e+03
5.410917954620000273e+03
5.411221030830000018e+03
5.411962059880000197e+03
5.412789697420000266e+03
5.413099315120000028e+03
5.413677773229999730e+03
5.414075245400000313e+03
5.415209045049999986e+03
5.417042500169999585e+03
5.418128532990000167e+03
5.418772461800000201e+03
5.419193338580000272e+03
5.419897846660000141e+03
5.420366484320000382e+03
5.420935613949999606e+03
5.421172945119999895e+03
5.421842935480000051e+03
5.422159150819999923e+03
5.422490484920000199e+03
5.423473862619999636e+03
5.424079244870000366e+03
5.424648197260000416e+03
5.425252177370000027e+03
5.426254914760000247e+03
5.426899215540000114e+03
5.427803621570000359e+03
5.428319092249999812e+03
5.428833673969999836e+03
5.429146425160000035e+03
5.429703242890000183e+03
5.430361705870000151e+03
5.430777172230000360e+03
5.431368980590000319e+03
5.432334143269999913e+03
5.432545193400000244e+03
5.432951853149999806e+03
5.433407777469999928e+03
5.433635787559999699e+03
5.434533452659999966e+03
5.435013378890000240e+03
5.435177025830000275e+03
5.435862181520000377e+03
5.436297524779999549e+03
5.436593329080000331e+03
5.437199162089999845e+03
5.437785778280000159e+03
5.438048078730000270e+03
5.438305784979999771e+03
5.439897730089999641e+03
5.440648520380000264e+03
5.440981549350000023e+03
5.441343182990000059e+03
5.442412488119999580e+03
5.442776226549999592e+03
5.443407179599999836e+03
5.443602488319999793e+03
5.444590763000000152e+03
5.445050668290000431e+03
5.446592848039999808e+03
5.446922449849999794e+03
5.447512788379999620e+03
5.448377095019999615e+03
5.448912013709999883e+03
5.449156925530000080e+03
5.450795100420000381e+03
5.451106248170000072e+03
5.452087998730000436e+03
5.452844886969999607e+03
5.453233556000000135e+03
5.453652147959999638e+03
5.453994031979999818e+03
5.454579235399999561e+03
5.455622238449999713e+03
5.456343530049999572e+03
5.456516136930000357e+03
5.457088029800000186e+03
5.457457376770000337e+03
5.459166771160000280e+03
5.459372537750000447e+03
5.460504122549999920e+03
5.460690647419999550e+03
5.460879024009999739e+03
5.461553869069999564e+03
5.462499111299999640e+03
5.462966630420000001e+03
5.463284174090000306e+03
5.463962803219999842e+03
5.464284204999999929e+03
5.465137986630000341e+03
5.465352515849999691e+03
5.465786336559999654e+03
5.466017201370000294e+03
5.466402509579999787e+03
5.466990856579999672e+03
5.467401998819999790e+03
5.467776825789999748e+03
5.468108820940000442e+03
5.468391658190000271e+03
5.468626976100000320e+03
5.469281782129999556e+03
5.470095699159999640e+03
5.470639957850000428e+03
5.471199230979999811e+03
5.472709030619999794e+03
5.473166954379999879e+03
5.473369887609999751e+03
5.473557131599999593e+03
5.473906557399999656e+03
5.474228922440000133e+03
5.474452027590000398e+03
5.475433651780000218e+03
5.475740974800000004e+03
5.476290754970000307e+03
5.476572570170000290e+03
5.476914054920000126e+03
5.477712729030000446e+03
5.478448834349999743e+03
5.478780282460000308e+03
5.479255133720000231e+03
5.479997487300000103e+03
5.480513296160000209e+03
5.480860943540000335e+03
5.481255683260000296e+03
5.481430262550000407e+03
5.481869442930000332e+03
5.482268455239999639e+03
5.482582732240000041e+03
5.483104038350000337e+03
5.483359183239999766e+03
5.483908277430000453e+03
5.484626976479999939e+03
5.485560384720000002e+03
5.485748785140000109e+03
5.486113601400000334e+03
5.486506250559999899e+03
5.486742317250000269e+03
5.487150646510000115e+03
5.487518420030000016e+03
5.487749132680000002e+03
5.488176465440000356e+03
5.488970715499999642e+03
5.489673181379999733e+03
5.489851847619999717e+03
5.490154416530000162e+03
5.490488337110000430e+03
5.490696586680000109e+03
5.491836139660000299e+03
5.492196766989999560e+03
5.492887324039999839e+03
5.493238680610000301e+03
5.493502469619999829e+03
5.493847257669999635e+03
5.494468170350000037e+03
5.494697771989999637e+03
5.494886439509999946e+03
5.495680414139999812e+03
5.495885205640000095e+03
5.496562307559999681e+03
5.496788399629999731e+03
5.497141478620000271e+03
5.497524062710000180e+03
5.497900004140000419e+03
5.499407797390000269e+03
5.499588620129999981e+03
5.500599602639999830e+03
5.500758259080000244e+03
5.500961875519999921e+03
5.501473665219999930e+03
5.502087782880000304e+03
5.503074146470000414e+03
5.503501817790000132e+03
5.503713495979999607e+03
5.503902060829999755e+03
5.504095220039999731e+03
5.504392311980000159e+03
5.505539364479999676e+03
5.505884062359999916e+03
5.506184253680000438e+03
5.506495130960000097e+03
5.506787326620000385e+03
5.507759896169999593e+03
5.508414981699999771e+03
5.508627583440000308e+03
5.509536706060000142e+03
5.509698052730000200e+03
5.510010334319999856e+03
5.510637274269999580e+03
5.511178790490000210e+03
5.511432231859999774e+03
5.511788673140000355e+03
5.512056901380000454e+03
5.512257609590000357e+03
5.512531877989999884e+03
5.512984978749999755e+03
5.513542160019999756e+03
5.514351070089999666e+03
5.514538954290000220e+03
5.514808944020000126e+03
5.515632764060000227e+03
5.516025741020000169e+03
5.516288800839999567e+03
5.516486951040000349e+03
5.516773588869999912e+03
5.517070750310000221e+03
5.517540668589999768e+03
5.518363724460000412e+03
5.518780333099999552e+03
5.519582126199999948e+03
5.519853447389999928e+03
5.520017465900000389e+03
5.520198925730000155e+03
5.520499449310000273e+03
5.520940747200000260e+03
5.521125493700000334e+03
5.521294765460000235e+03
5.521570084230000248e+03
5.522159916149999844e+03
5.522450737909999589e+03
5.523299244550000367e+03
5.523575840200000130e+03
5.523986675649999597e+03
5.524253082420000283e+03
5.524459624670000267e+03
5.524772802970000157e+03
5.525121590550000292e+03
5.525549052000000302e+03
5.526176972420000311e+03
5.526816778469999917e+03
5.527596280030000344e+03
5.528417273850000129e+03
5.528896068070000183e+03
5.529164832100000240e+03
5.529978271560000394e+03
5.530471544799999720e+03
5.530784399770000164e+03
5.531673971719999827e+03
5.531977395249999972e+03
5.532354283730000134e+03
5.532564359289999629e+03
5.532753448610000305e+03
5.533573170220000065e+03
5.533783766520000427e+03
5.534287986930000443e+03
5.534663591679999627e+03
5.534844482970000172e+03
5.535210313159999714e+03
5.535430556389999765e+03
5.536083239229999890e+03
5.536276828099999875e+03
5.536591658659999666e+03
5.537109412669999983e+03
5.537765776649999680e+03
5.538520028660000207e+03
5.539072126699999899e+03
5.539284040319999804e+03
5.539815688499999851e+03
5.540169921630000317e+03
5.540443472079999992e+03
5.540707037279999895e+03
5.540888287249999848e+03
5.542867656729999908e+03
5.543196940060000088e+03
5.543942052890000014e+03
5.544602905589999864e+03
5.545408587259999877e+03
5.545933876389999568e+03
5.546512303890000112e+03
5.547000946729999669e+03
5.547312203530000261e+03
5.547715936769999644e+03
5.547908707659999891e+03
5.548309550390000368e+03
5.549647943549999582e+03
5.549954666890000226e+03
5.550657914690000325e+03
5.550893878859999859e+03
5.551551220770000327e+03
5.551769784959999924e+03
5.551968571970000085e+03
5.552223825799999759e+03
5.552692579640000076e+03
5.553144103489999907e+03
5.553587013170000318e+03
5.554894133570000122e+03
5.555388332419999642e+03
5.555707971370000450e+03
5.556196665630000098e+03
5.556685509850000017e+03
5.557042085889999726e+03
5.557480020060000243e+03
5.557952712940000310e+03
5.558815925699999752e+03
5.559086479020000297e+03
5.559649558559999605e+03
5.559878892319999977e+03
5.560216371479999907e+03
5.561242373869999938e+03
5.561652426300000116e+03
5.562120112790000348e+03
5.562516047019999860e+03
5.562713330489999862e+03
5.563272518480000144e+03
5.563621436890000041e+03
5.565483705249999730e+03
5.565709973680000076e+03
5.566080715819999568e+03
5.566769436950000454e+03
5.567398569369999677e+03
5.567756875609999952e+03
5.568082031199999619e+03
5.568681994259999556e+03
5.568869057439999779e+03
5.569627439089999825e+03
5.570044526599999699e+03
5.570401638370000001e+03
5.570589634779999869e+03
5.572150056729999960e+03
5.572851700369999890e+03
5.573101474950000011e+03
5.573649240619999546e+03
5.574386940090000280e+03
5.574912873209999816e+03
5.576097134740000001e+03
5.577027558120000322e+03
5.577357721729999867e+03
5.578528799839999920e+03
5.578723389689999749e+03
5.579160263630000372e+03
5.579345793299999968e+03
5.580454765939999561e+03
5.581314396030000353e+03
5.581974989330000426e+03
5.582296617300000435e+03
5.582743173040000329e+03
5.582973698099999638e+03
5.583985077880000063e+03
5.584315594009999586e+03
5.584502406540000266e+03
5.584772909770000297e+03
5.585184411899999759e+03
5.585658930190000319e+03
5.586285285279999698e+03
5.586765774569999849e+03
5.587576345079999555e+03
5.587864921200000026e+03
5.588760072240000227e+03
5.589361557739999625e+03
5.589857011000000057e+03
5.590120808409999881e+03
5.590757502180000301e+03
5.591363095429999703e+03
5.592256390479999936e+03
5.592643861589999688e+03
5.593228977449999547e+03
5.593426315519999662e+03
5.593740836920000220e+03
5.594469977509999808e+03
5.594659101649999684e+03
5.595062131339999723e+03
5.596174676120000186e+03
5.597066028819999701e+03
5.598304637950000142e+03
5.598487470879999819e+03
5.598820073300000331e+03
5.600035277320000205e+03
5.600228498749999744e+03
5.600830246739999893e+03
5.601280654029999823e+03
5.601811627580000277e+03
5.602065087660000245e+03
5.603757365989999926e+03
5.604940357669999685e+03
5.605895520809999653e+03
5.607001496060000136e+03
5.607669020700000146e+03
5.608166868129999784e+03
5.608982203380000101e+03
5.609796857299999829e+03
5.609969829159999790e+03
5.610253838659999928e+03
5.611361493090000295e+03
5.611663242370000262e+03
5.612342037899999923e+03
5.613688346349999847e+03
5.614274154620000445e+03
5.614780403300000216e+03
5.615308293369999774e+03
5.615653670949999650e+03
5.617174333339999976e+03
5.617902830729999550e+03
5.618433421249999810e+03
5.618637731550000353e+03
5.619238430090000293e+03
5.619605495859999792e+03
5.620033498030000374e+03
5.620483575989999736e+03
5.621344537310000305e+03
5.621609739739999895e+03
5.622223066120000112e+03
5.622778552910000144e+03
5.622953845130000445e+03
5.624028224560000126e+03
5.624554497770000125e+03
5.624873691929999950e+03
5.625323288270000376e+03
5.625677962030000344e+03
5.626025499819999823e+03
5.626801127900000211e+03
5.627068425510000452e+03
5.627639033919999747e+03
5.628009295429999838e+03
5.628347498449999875e+03
5.628648069359999681e+03
5.629080004950000330e+03
5.630109550219999619e+03
5.630993586149999828e+03
5.631811914789999719e+03
5.632024679150000338e+03
5.632474377559999994e+03
5.633220713089999663e+03
5.633950523870000325e+03
5.634261583880000217e+03
5.634516731169999730e+03
5.634875383759999750e+03
5.635196984590000284e+03
5.635503233809999983e+03
5.635826673980000123e+03
5.636222694969999793e+03
5.636700358029999734e+03
5.637119605660000161e+03
5.637410149029999957e+03
5.637709844490000251e+03
5.638267521130000205e+03
5.638750596890000452e+03
5.639345171220000339e+03
5.640313360529999954e+03
5.640983336450000024e+03
5.641445656889999555e+03
5.641887275209999643e+03
5.642370401899999706e+03
5.642599714140000287e+03
5.642756447689999732e+03
5.643074110839999776e+03
5.644135195050000220e+03
5.645031555890000163e+03
5.645614073560000179e+03
5.645828861459999644e+03
5.646111539249999623e+03
5.646687678149999556e+03
5.647238795010000104e+03
5.647867482110000310e+03
5.648261112879999928e+03
5.648569462589999603e+03
5.649084285920000184e+03
5.649387939270000061e+03
5.649670607089999976e+03
5.649990841840000030e+03
5.650489351479999641e+03
5.650689359310000327e+03
5.651473701599999913e+03
5.652008178989999578e+03
5.652321486750000076e+03
5.653869682780000403e+03
5.654496022250000351e+03
5.654934154040000067e+03
5.655179792009999801e+03
5.655495189979999850e+03
5.657444472860000133e+03
5.657876445720000447e+03
5.658344108579999556e+03
5.658541144449999592e+03
5.658827593410000190e+03
5.659576189800000066e+03
5.660515685409999605e+03
5.660800171949999822e+03
5.661016203000000132e+03
5.661349467549999645e+03
5.661974389580000206e+03
5.662157467299999553e+03
5.662522266910000326e+03
5.662930754590000106e+03
5.664008380109999962e+03
5.664577874650000012e+03
5.665559604690000015e+03
5.666684100239999680e+03
5.667145793730000150e+03
5.667517703200000142e+03
5.668371311240000068e+03
5.669035275600000205e+03
5.669744401900000412e+03
5.669948027690000345e+03
5.670853962649999630e+03
5.671484212010000192e+03
5.671814452010000423e+03
5.673417246850000083e+03
5.674180537680000270e+03
5.675425232460000188e+03
5.675743032100000164e+03
5.677688730920000125e+03
5.678386729079999895e+03
5.678601454310000008e+03
5.679028799300000173e+03
5.679922127240000009e+03
5.680245312500000182e+03
5.681070254049999676e+03
5.681237612029999582e+03
5.682203574559999652e+03
5.682644646140000077e+03
5.683008355930000107e+03
5.683466317360000176e+03
5.684194045240000378e+03
5.684489953840000453e+03
5.686199691679999887e+03
5.686537359089999882e+03
5.686840617650000240e+03
5.687420775620000313e+03
5.688213773249999576e+03
5.688545245780000187e+03
5.689468114729999797e+03
5.690428982260000339e+03
5.691173048020000351e+03
5.691502094710000165e+03
5.692876706639999611e+03
5.693317736539999714e+03
5.693647566650000044e+03
5.694747026340000048e+03
5.694988376600000265e+03
5.696095882489999894e+03
5.696376496689999840e+03
5.698026213719999760e+03
5.698335287509999944e+03
5.698525102999999945e+03
5.699412776780000058e+03
5.700205874010000116e+03
5.700508652069999698e+03
5.701105729029999566e+03
5.701553276139999980e+03
5.701897299879999991e+03
5.702324734449999596e+03
5.702663267959999757e+03
5.702903057260000423e+03
5.703582008889999997e+03
5.704736345399999664e+03
5.705470003639999959e+03
5.706007194390000222e+03
5.706716807849999896e+03
5.707018973639999786e+03
5.707252498410000044e+03
5.707734518360000038e+03
5.708102529400000094e+03
5.708401623900000232e+03
5.708914028420000250e+03
5.709384436780000215e+03
5.709548324759999559e+03
5.709933190400000058e+03
5.711094872890000261e+03
5.711880115779999869e+03
5.712136190209999768e+03
5.712779283089999808e+03
5.713887273940000341e+03
5.714159297199999855e+03
5.714551280480000059e+03
5.715092605670000012e+03
5.715466817970000193e+03
5.715818153979999806e+03
5.716453140360000361e+03
5.717296201440000004e+03
5.717838648760000069e+03
5.718292307620000429e+03
5.719822164770000199e+03
5.720442796000000271e+03
5.720898646319999898e+03
5.721710417070000403e+03
5.723693871340000442e+03
5.724073698909999621e+03
5.724457678910000141e+03
5.725642577910000000e+03
5.727051618499999677e+03
5.727660906449999857e+03
5.728885569000000032e+03
5.729205057430000124e+03
5.730853354629999558e+03
5.731256242729999940e+03
5.731768082730000060e+03
5.732300716470000225e+03
5.732868351969999821e+03
5.734029540210000050e+03
5.734564299349999601e+03
5.735702625120000448e+03
5.737067594830000417e+03
5.738239076169999862e+03
5.738541595009999583e+03
5.739050874679999652e+03
5.739477229060000354e+03
5.739793502640000042e+03
5.739986913769999774e+03
5.740877919350000411e+03
5.741214003779999985e+03
5.741853262669999822e+03
5.742046493640000335e+03
5.742965945719999581e+03
5.743182352570000148e+03
5.743440164380000169e+03
5.743929876320000403e+03
5.746415508250000130e+03
5.747670017520000329e+03
5.747954244950000430e+03
5.748356548560000192e+03
5.748901689409999562e+03
5.749298529319999943e+03
5.750054970999999568e+03
5.752038284530000055e+03
5.753129215390000354e+03
5.753386608300000262e+03
5.753642625679999583e+03
5.754043523970000024e+03
5.754216815550000319e+03
5.754409768839999742e+03
5.754658715030000167e+03
5.755149140569999872e+03
5.755348621369999819e+03
5.756820342459999665e+03
5.758768521570000303e+03
5.759266671059999680e+03
5.759541305280000415e+03
5.760350416129999758e+03
5.760837182240000402e+03
5.761259430340000108e+03
5.761585555499999828e+03
5.762416749570000320e+03
5.762628950289999921e+03
5.763000142070000038e+03
5.763481526040000062e+03
5.766332251980000365e+03
5.769329630049999651e+03
5.769671439460000329e+03
5.771606986839999990e+03
5.772145217070000399e+03
5.772414451069999814e+03
5.772664626669999961e+03
5.774036179349999657e+03
5.774238380210000287e+03
5.775085613950000152e+03
5.776233006829999795e+03
5.776722826580000401e+03
5.778460580369999661e+03
5.778805797060000259e+03
5.779684058310000182e+03
5.780384924240000146e+03
5.780605654160000086e+03
5.780808321569999862e+03
5.781182959490000030e+03
5.781754933569999594e+03
5.782129577620000418e+03
5.783069962479999958e+03
5.783864708549999705e+03
5.784363734530000329e+03
5.784663390239999899e+03
5.784974867140000242e+03
5.785285289290000037e+03
5.785728499799999554e+03
5.785973296080000182e+03
5.787019709610000064e+03
5.787280992269999842e+03
5.787924473959999887e+03
5.788388272700000016e+03
5.788853301580000334e+03
5.790142397890000211e+03
5.790656117499999709e+03
5.790989879509999810e+03
5.791531216409999615e+03
5.791764774510000279e+03
5.793073475230000440e+03
5.793714421630000288e+03
5.793919283440000072e+03
5.796084130219999679e+03
5.796431043210000098e+03
5.796735724940000182e+03
5.797430086059999667e+03
5.797860463070000151e+03
5.798181170290000409e+03
5.798511721429999852e+03
5.799841042289999677e+03
5.801247490269999616e+03
5.801741869770000449e+03
5.804040036100000179e+03
5.804264424130000407e+03
5.804463126220000049e+03
5.805222017000000051e+03
5.805767023280000103e+03
5.806729888589999973e+03
5.807091345820000242e+03
5.807788313310000376e+03
5.807981300579999697e+03
5.808229726290000144e+03
5.809219792869999765e+03
5.809592107729999952e+03
5.809885519700000259e+03
5.810797312489999968e+03
5.811920298179999918e+03
5.812448416160000306e+03
5.812833275709999725e+03
5.813679185060000236e+03
5.813995732129999851e+03
5.814811649049999687e+03
5.815221030009999595e+03
5.815619142270000339e+03
5.816063623699999880e+03
5.816377278169999954e+03
5.817077648039999985e+03
5.817485973570000169e+03
5.819917398300000059e+03
5.821877599610000289e+03
5.822457623680000324e+03
5.823695215280000411e+03
5.824164327389999926e+03
5.824414734130000397e+03
5.825764996910000264e+03
5.826624581480000415e+03
5.827441598319999684e+03
5.827675723139999718e+03
5.827881999559999713e+03
5.830051512709999770e+03
5.830673148400000173e+03
5.831600202489999901e+03
5.831928067030000420e+03
5.832479576730000190e+03
5.834009764700000233e+03
5.835103674410000167e+03
5.835429452829999718e+03
5.835573267669999950e+03
5.837707541859999765e+03
5.838152314859999933e+03
5.838375153160000082e+03
5.838677474549999715e+03
5.839585568909999893e+03
5.841184450740000102e+03
5.843205783800000063e+03
5.844600710529999560e+03
5.844929559889999837e+03
5.845290186209999774e+03
5.845953078630000164e+03
5.846254223599999932e+03
5.847000424740000199e+03
5.848116891869999563e+03
5.848970937389999563e+03
5.849182345139999597e+03
5.849689111319999938e+03
5.850094016009999905e+03
5.851204821379999885e+03
5.852224898200000098e+03
5.853155296879999696e+03
5.853683455090000280e+03
5.854311139999999796e+03
5.855083447320000232e+03
5.855890858900000239e+03
5.856093526640000164e+03
5.857456819729999552e+03
5.857743024729999888e+03
5.858269757199999731e+03
5.858784756279999783e+03
5.859246882780000306e+03
5.859592155020000064e+03
5.861112959279999814e+03
5.862365145589999884e+03
5.862860584189999827e+03
5.863454118820000076e+03
5.863928580970000439e+03
5.864247811449999972e+03
5.866458050709999952e+03
5.867077274860000216e+03
5.867563484379999863e+03
5.869690494899999976e+03
6.005547388609999871e+03
6.006347402370000054e+03
6.007119062439999652e+03
6.007317148690000067e+03
6.007733261450000100e+03
6.007966430550000041e+03
6.008564562059999844e+03
6.012226874040000439e+03
6.012761298469999929e+03
6.013495722419999765e+03
6.013910661310000251e+03
6.015246113629999854e+03
6.016645867780000117e+03
6.018306620989999828e+03
6.018638470019999659e+03
6.019369376419999753e+03
6.020178797380000105e+03
6.021799955210000007e+03
6.022199868009999591e+03
6.022495004680000420e+03
6.024066485999999713e+03
6.025754961700000422e+03
6.027057479439999952e+03
6.027720916020000004e+03
6.027963162580000244e+03
6.028254311910000069e+03
6.028772417840000344e+03
6.029890292910000426e+03
6.031034412369999700e+03
6.034039473890000409e+03
6.035332067330000427e+03
6.036454804019999756e+03
6.039294225249999727e+03
6.039731543339999916e+03
6.042101107909999882e+03
6.045976046409999981e+03
6.052645663039999818e+03
6.053479242399999748e+03
6.053687081340000077e+03
6.054076883490000000e+03
6.055085556449999785e+03
6.055408367340000041e+03
6.056010345380000217e+03
6.056350174520000110e+03
6.056807577399999900e+03
6.057253941709999708e+03
6.058163565359999666e+03
6.060626765209999576e+03
6.060809643919999871e+03
6.061633518530000401e+03
6.062667967590000444e+03
6.062856806449999567e+03
6.064632414169999720e+03
6.065493234720000146e+03
6.067617878240000209e+03
6.069294208469999830e+03
6.076896905440000410e+03
6.078497762879999755e+03
6.079013620370000353e+03
6.081239050049999605e+03
6.081448199200000090e+03
6.081682775350000156e+03
6.082716324719999648e+03
6.083678129570000237e+03
6.084109526430000187e+03
6.085251723459999994e+03
6.086285506760000317e+03
6.086672023320000335e+03
6.087828103060000103e+03
6.089573428679999779e+03
6.090215814039999714e+03
6.091179941970000073e+03
6.091917771129999892e+03
6.092799551940000129e+03
6.093148662849999710e+03
6.093647954349999964e+03
6.094378316799999993e+03
6.096112737829999787e+03
6.096669655159999820e+03
6.097083805049999683e+03
6.097270490230000178e+03
6.098251050699999723e+03
6.098663333819999934e+03
6.100277233730000262e+03
6.102183406109999851e+03
6.102726932319999833e+03
6.103204447050000454e+03
6.105134331790000033e+03
6.105760962100000143e+03
6.106606464100000267e+03
6.108120955899999899e+03
6.111076740749999772e+03
6.111657358249999561e+03
6.112928343649999988e+03
6.113325118179999663e+03
6.116205682509999860e+03
6.116996691749999627e+03
6.117200057559999550e+03
6.118100375570000324e+03
6.119535117409999657e+03
6.119755457170000227e+03
6.120254291160000321e+03
6.121005236719999630e+03
6.122225823820000187e+03
6.125025182420000419e+03
6.126221777200000361e+03
6.127453481190000275e+03
6.127912751840000055e+03
6.128981228280000323e+03
6.129518239250000079e+03
6.129718437079999603e+03
6.130139827369999693e+03
6.131282926380000390e+03
6.131577002519999951e+03
6.131857169930000055e+03
6.133200131650000003e+03
6.133964895899999647e+03
6.134567233089999718e+03
6.135371172809999734e+03
6.135777119579999635e+03
6.136627638410000145e+03
6.137001559010000165e+03
6.137305213419999745e+03
6.137702994700000090e+03
6.138507778860000144e+03
6.139648634129999664e+03
6.141728352310000446e+03
6.142492265789999692e+03
6.143203909040000326e+03
6.145020372609999868e+03
6.145412103050000042e+03
6.146215496800000437e+03
6.147824923780000063e+03
6.148665401350000138e+03
6.149249240350000036e+03
6.149737237899999855e+03
6.150155588470000112e+03
6.151624637470000380e+03
6.154229680950000329e+03
6.155144623299999694e+03
6.155697637180000129e+03
6.156022630370000115e+03
6.156276700430000346e+03
6.156800752940000166e+03
6.157392812230000345e+03
6.157734642919999715e+03
6.159379204099999697e+03
6.160229948160000276e+03
6.160752476450000358e+03
6.161297813139999562e+03
6.162181556180000371e+03
6.163534369119999610e+03
6.163756360219999806e+03
6.165365927720000400e+03
6.166441829960000177e+03
6.167870394710000255e+03
6.169043606619999991e+03
6.169565758800000367e+03
6.169959344949999831e+03
6.170519167790000211e+03
6.171014772100000300e+03
6.172059856799999579e+03
6.173342541390000406e+03
6.175371489320000364e+03
6.176816182270000354e+03
6.177249611999999615e+03
6.177567728179999904e+03
6.180002426680000099e+03
6.180210922420000315e+03
6.183590582830000130e+03
6.183860779450000337e+03
6.185701272029999927e+03
6.186194419319999724e+03
6.186716774350000378e+03
6.187405210259999876e+03
6.187995830910000223e+03
6.189000508639999680e+03
6.189360017689999950e+03
6.190399567620000198e+03
6.191184384400000454e+03
6.191569551069999761e+03
6.194421991039999739e+03
6.195456085929999972e+03
6.199196451689999776e+03
6.199510798350000186e+03
6.200322083299999576e+03
6.203346039740000379e+03
6.204609902469999724e+03
6.205224881549999736e+03
6.207236528749999707e+03
6.208218550929999765e+03
6.208555103050000071e+03
6.210668875800000023e+03
6.212033493689999887e+03
6.213438059750000320e+03
6.213869290999999976e+03
6.214652306339999996e+03
6.215160095420000289e+03
6.215881989829999839e+03
6.216365773659999832e+03
6.216624814030000380e+03
6.217686167849999947e+03
6.219289152510000349e+03
6.219940760579999733e+03
6.220226713549999658e+03
6.220478608469999926e+03
6.220786896599999636e+03
6.221327944300000127e+03
6.221679156860000148e+03
6.223989384690000406e+03
6.224511122650000289e+03
6.225183168849999674e+03
6.226741168049999942e+03
6.227554901710000195e+03
6.229234420110000428e+03
6.230094632610000190e+03
6.230738429259999975e+03
6.232648793989999831e+03
6.233198790989999907e+03
6.233488597720000143e+03
6.237326511379999829e+03
6.238387501389999670e+03
6.239372336350000296e+03
6.239783657779999885e+03
6.239949214170000232e+03
6.240312052260000200e+03
6.240653697239999929e+03
6.242828438110000207e+03
6.243114665500000228e+03
6.243819906699999592e+03
6.244110145749999901e+03
6.244474766110000019e+03
6.245622474580000016e+03
6.246327151170000434e+03
6.247339958620000289e+03
6.247564182039999650e+03
6.249634672899999714e+03
6.251230685690000428e+03
6.251829128469999887e+03
6.252566854110000349e+03
6.253836928939999780e+03
6.254255563249999796e+03
6.254843398340000022e+03
6.255955945970000357e+03
6.256364571760000217e+03
6.256906798379999600e+03
6.257582284690000051e+03
6.258110513460000220e+03
6.258715300720000414e+03
6.259590203130000191e+03
6.261107906940000248e+03
6.262192802890000166e+03
6.265141312419999849e+03
6.265622882259999642e+03
6.266015109519999896e+03
6.266324410119999811e+03
6.267741539569999986e+03
6.268532864060000065e+03
6.268837645540000267e+03
6.270003093029999945e+03
6.270231880119999914e+03
6.342835929210000359e+03
6.344157231760000286e+03
6.345958308379999835e+03
6.347095871489999809e+03
6.347843195020000167e+03
6.349485788779999893e+03
6.349742467639999632e+03
6.350502313119999599e+03
6.351273925950000375e+03
6.352926918170000135e+03
6.353841196540000055e+03
6.355036997389999669e+03
6.357291775849999794e+03
6.358689465270000255e+03
6.359188422320000427e+03
6.359871467949999897e+03
6.360815801300000203e+03
6.362352080910000041e+03
6.362875168509999639e+03
6.364368556389999867e+03
6.364697356319999926e+03
6.366486604529999568e+03
6.367120725349999702e+03
6.367432786309999756e+03
6.369464940500000012e+03
6.370352869649999775e+03
6.371359644789999948e+03
6.371636337830000230e+03
6.375221916319999764e+03
6.375541571779999686e+03
6.375808703329999844e+03
6.376198124829999870e+03
6.378256341379999867e+03
6.380748740619999808e+03
6.381125777520000156e+03
6.381648483709999709e+03
6.382145459139999730e+03
6.383715072480000345e+03
6.383928582659999847e+03
6.384443448379999609e+03
6.384662956539999868e+03
6.385473463710000033e+03
6.385722406619999674e+03
6.388411087139999836e+03
6.390497349279999980e+03
6.391253255050000007e+03
6.392189653700000235e+03
6.392545745139999781e+03
6.393613992460000190e+03
6.394223913030000404e+03
6.395155746039999940e+03
6.395466224419999890e+03
6.396382616939999934e+03
6.397988218630000119e+03
6.400009765599999810e+03
6.400323043880000114e+03
6.400823501109999597e+03
6.403125117219999993e+03
6.405471529180000289e+03
6.405751403019999998e+03
6.407290823989999808e+03
6.408026319239999793e+03
6.408665794599999572e+03
6.410924108490000435e+03
6.411118017550000332e+03
6.411658305179999843e+03
6.413532525440000427e+03
6.413923674829999982e+03
6.414596987539999645e+03
6.414987099599999965e+03
6.416929273159999866e+03
6.417703283390000252e+03
6.419087541930000043e+03
6.419651049529999909e+03
6.419956523400000151e+03
6.421358905510000113e+03
6.424853900230000363e+03
6.426268817920000402e+03
6.429903769569999895e+03
6.430855042060000414e+03
6.431715176659999997e+03
6.432013026929999796e+03
6.432684639699999934e+03
6.433450786690000314e+03
6.436413335889999871e+03
6.437690582010000071e+03
6.438070170529999814e+03
6.439082929700000022e+03
6.440942610289999720e+03
6.442958535220000158e+03
6.444701099269999759e+03
6.605546331200000168e+03
6.605958801929999936e+03
6.606959076359999926e+03
6.608032849909999641e+03
6.609120212249999895e+03
6.609589134460000423e+03
6.612190891270000066e+03
6.613429522120000001e+03
6.613823413889999756e+03
6.617584566900000027e+03
6.624350796099999570e+03
6.624823225619999903e+03
6.625028304589999607e+03
6.626171669039999870e+03
6.627550807779999559e+03
6.630017183449999720e+03
6.632009379070000250e+03
6.632446766680000110e+03
6.633415153179999834e+03
6.633755343589999939e+03
6.634114102520000415e+03
6.635127447199999551e+03
6.635691900449999594e+03
6.636361648559999594e+03
6.639478785860000244e+03
6.639698074570000244e+03
6.639889380100000380e+03
6.642563699700000143e+03
6.643633645990000332e+03
6.644319184420000056e+03
6.645117436090000410e+03
6.646938185279999743e+03
6.647843006709999827e+03
6.648096799619999729e+03
6.653857370120000269e+03
6.656321658380000372e+03
6.659859078720000070e+03
6.661079859340000439e+03
6.661320868030000383e+03
6.663013596589999906e+03
6.663235892460000287e+03
6.663451024840000173e+03
6.664317553210000369e+03
6.665229960200000278e+03
6.665434720500000367e+03
6.665853303679999954e+03
6.666508725249999770e+03
6.667180531119999614e+03
6.667422314350000306e+03
6.667725889659999666e+03
6.668382421770000292e+03
6.669283494610000162e+03
6.672662684449999688e+03
6.677201817240000310e+03
6.677995620009999584e+03
6.678577909880000334e+03
6.678816042090000337e+03
6.680144045359999836e+03
6.687495502370000395e+03
6.687727015540000139e+03
6.689255942570000116e+03
6.690807169959999555e+03
6.692276869260000240e+03
6.692851274900000135e+03
6.696027380020000237e+03
6.696317204199999651e+03
6.698675209779999932e+03
6.699146448159999636e+03
6.703356971119999798e+03
6.703574589769999875e+03
6.704486607630000435e+03
6.705108332939999855e+03
6.707445788519999951e+03
6.709004454580000129e+03
6.709899892870000258e+03
6.710325922560000436e+03
6.711820034020000094e+03
6.712456575979999798e+03
6.713051164700000299e+03
6.713747393679999732e+03
6.715391187569999602e+03
6.716239661640000122e+03
6.716676234100000329e+03
6.717688955360000364e+03
6.719630667360000189e+03
6.721843595219999770e+03
6.722719964730000356e+03
6.724661410740000065e+03
6.725362972609999815e+03
6.726673252190000312e+03
6.727134342049999759e+03
6.728602165950000199e+03
6.729020846420000453e+03
6.729732053300000189e+03
6.730290924330000053e+03
6.732070646860000124e+03
6.733156902310000078e+03
6.734256356529999721e+03
6.735446386749999874e+03
6.737990141039999799e+03
6.738224270169999727e+03
6.738844767990000037e+03
6.739528148149999652e+03
6.740979762879999726e+03
6.741631775670000025e+03
6.742910581009999987e+03
6.743133743770000365e+03
6.745108086659999572e+03
6.745551135959999556e+03
6.745964781900000162e+03
6.746961081090000334e+03
6.748137088829999811e+03
6.748386867889999849e+03
6.750161140340000202e+03
6.750649960200000351e+03
6.752713118779999604e+03
6.753466367400000308e+03
6.754914094069999919e+03
6.755611033799999859e+03
6.756550544570000056e+03
6.757177817179999693e+03
6.761023721409999780e+03
6.762142088259999582e+03
6.762380066120000265e+03
6.763960611970000173e+03
6.767782994670000335e+03
6.769651410399999804e+03
6.771049679220000144e+03
6.772322929809999550e+03
6.777405190950000360e+03
6.782241372100000262e+03
6.783278688209999927e+03
6.783706000109999877e+03
6.784241450000000441e+03
6.785014967830000387e+03
6.785761066279999795e+03
6.786431735739999567e+03
6.786865722300000016e+03
6.789137551079999866e+03
6.789968049459999747e+03
6.793262634570000046e+03
6.793623408280000149e+03
6.794309239320000415e+03
6.794624313799999982e+03
6.795803719489999821e+03
6.796119025959999817e+03
6.796512458119999792e+03
6.798469339749999563e+03
6.798901113310000255e+03
6.800602791539999998e+03
6.801869327129999874e+03
6.804007575100000395e+03
6.804275053479999769e+03
6.806622702949999621e+03
6.806852422850000039e+03
6.810268396389999907e+03
6.813603811599999972e+03
6.813940876640000170e+03
6.814951994199999717e+03
6.819581173790000321e+03
6.820374837409999600e+03
6.824836304810000001e+03
6.827941576340000211e+03
6.828347650630000317e+03
6.828598361800000021e+03
6.829631403659999705e+03
6.833235599210000146e+03
6.837011075290000008e+03
6.838821539679999660e+03
6.839605267719999574e+03
6.839838521079999737e+03
6.841345908590000363e+03
6.842043454679999741e+03
6.842456964109999717e+03
6.842691283060000387e+03
6.843168477819999680e+03
6.843662049200000183e+03
6.844688238839999940e+03
6.847600119050000103e+03
6.848565485039999658e+03
6.849321207429999959e+03
6.850436054519999743e+03
6.851642473939999945e+03
6.852223268839999946e+03
6.852723139550000269e+03
6.854332891650000420e+03
6.854828467039999850e+03
6.855169002470000123e+03
6.855723121529999844e+03
6.857255021259999921e+03
6.857912144060000173e+03
6.858155722350000360e+03
6.860088538330000119e+03
6.860296032170000217e+03
6.860934540229999584e+03
