0.000000000000000000e+00
0.000000000000000000e+00
4.501274723649999942e+03
4.512739498660000208e+03
4.518027932799999689e+03
4.522801733299999796e+03
4.525142597930000193e+03
4.526434423169999718e+03
4.526930075420000321e+03
4.527318609709999691e+03
4.528622052310000072e+03
4.529526169179999670e+03
4.530726935699999558e+03
4.531154195510000136e+03
4.533246522620000178e+03
4.533968486499999926e+03
4.534782551149999563e+03
4.535573261610000372e+03
4.535917934080000123e+03
4.536046605550000095e+03
4.544674779750000198e+03
4.545958621579999999e+03
4.547851283179999882e+03
4.548769193510000150e+03
4.549472611000000143e+03
4.549632128010000088e+03
4.552465797570000177e+03
4.554036086629999772e+03
4.555490476629999648e+03
4.556134599349999917e+03
4.563764246599999751e+03
4.571099297429999751e+03
4.571977269390000401e+03
4.578557667490000313e+03
4.580056434029999764e+03
4.583839714759999879e+03
4.585872134649999680e+03
4.586372471949999635e+03
4.591395295680000345e+03
4.592658969690000049e+03
4.594120739470000444e+03
4.600755806569999550e+03
4.602005900660000407e+03
4.602947707549999905e+03
4.607651618130000315e+03
4.611289098160000322e+03
4.613362209419999999e+03
4.616129822730000342e+03
4.618780759840000428e+03
4.625051358050000090e+03
4.626179404690000410e+03
4.629347088430000440e+03
4.630125990460000139e+03
4.637509029499999997e+03
4.646168523160000404e+03
4.647440097509999759e+03
4.651290021269999670e+03
4.652165249980000226e+03
4.654507419520000440e+03
4.656472467049999977e+03
4.667457159089999550e+03
4.667591367250000076e+03
4.668129996990000109e+03
4.678851869000000079e+03
4.681915547440000410e+03
4.691400841990000117e+03
4.702997722070000236e+03
4.707281478449999668e+03
4.714419150689999697e+03
4.727429847049999807e+03
4.733596316870000010e+03
4.736781987049999771e+03
4.754042926350000016e+03
4.762376031810000313e+03
4.766426418559999547e+03
4.768356466139999611e+03
4.772821394030000192e+03
4.783426858550000361e+03
4.786812816050000038e+03
4.789654957149999973e+03
4.823513274369999635e+03
4.840881090099999710e+03
4.859749546650000411e+03
4.871327323350000370e+03
4.872145946849999746e+03
4.878207739589999619e+03
4.881563129209999715e+03
4.890765016239999568e+03
4.891501478189999943e+03
4.903313414580000426e+03
4.918999690820000069e+03
4.920512542030000077e+03
4.923931859489999624e+03
4.924776179079999565e+03
4.934070301839999956e+03
4.938821174499999870e+03
4.939692713190000177e+03
4.946395189199999550e+03
4.957308110680000027e+03
4.966096571410000251e+03
4.981738921309999569e+03
4.982507084840000061e+03
4.983858873010000025e+03
4.985553771220000272e+03
4.991074340199999824e+03
4.994136512799999764e+03
4.999509707129999697e+03
5.001871372720000181e+03
5.005719101980000232e+03
5.006127454880000187e+03
5.007237085759999900e+03
5.012080322069999966e+03
5.014264502089999951e+03
5.014948682790000021e+03
5.016168093729999782e+03
5.018447190079999928e+03
5.020031054779999977e+03
5.022873086409999814e+03
5.024849264980000044e+03
5.035932291500000247e+03
5.039963904449999973e+03
5.041076117530000374e+03
5.041767999269999564e+03
5.049829380719999790e+03
5.051643517810000048e+03
5.064657966169999781e+03
5.065015401339999698e+03
5.068773606599999766e+03
5.074756926850000127e+03
5.079229346019999866e+03
5.079746261610000147e+03
5.083345911780000279e+03
5.098707073790000322e+03
5.105543144129999746e+03
5.107455886089999694e+03
5.107646791309999571e+03
5.110413722530000086e+03
5.123730404410000119e+03
5.127366747770000075e+03
5.131475454559999889e+03
5.137077169649999632e+03
5.137389947409999877e+03
5.139261913260000256e+03
5.139472135439999875e+03
5.141744219150000390e+03
5.142529491690000214e+03
5.142936168619999989e+03
5.150851433030000408e+03
5.151915508539999792e+03
5.162281537470000330e+03
5.166285290179999720e+03
5.167331062109999948e+03
5.167498761349999768e+03
5.168907886140000301e+03
5.171608473639999829e+03
5.172695470599999680e+03
5.183615547180000249e+03
5.191463263110000298e+03
5.192352379580000161e+03
5.192976467290000073e+03
5.194949774880000405e+03
5.198716848570000366e+03
5.202329691889999594e+03
5.204544761799999833e+03
5.206045817399999578e+03
5.208434762689999843e+03
5.210394458320000012e+03
5.215188062829999581e+03
5.216282948580000266e+03
5.217396576899999673e+03
5.226871068379999997e+03
5.227192850610000278e+03
5.229859337029999551e+03
5.232950143830000343e+03
5.247056974160000209e+03
5.247573910170000090e+03
5.250652091109999674e+03
5.254954462140000032e+03
5.261709334180000042e+03
5.262238849549999941e+03
5.263314801169999555e+03
5.264190251480000370e+03
5.265558467500000006e+03
5.266564635839999937e+03
5.269547868009999547e+03
5.270353414819999671e+03
5.281798871230000259e+03
5.283629530359999990e+03
5.296700197240000307e+03
5.298282217979999587e+03
5.302308329149999736e+03
5.307366217540000434e+03
5.328047719940000206e+03
5.328539111910000429e+03
5.332906592649999766e+03
5.341027901520000341e+03
5.345806154279999646e+03
5.348324362770000334e+03
5.349467608850000033e+03
5.371499630739999702e+03
5.393176216210000348e+03
5.397139391249999790e+03
5.404146187839999584e+03
5.405785508760000084e+03
5.409794436389999646e+03
5.429703242890000183e+03
5.434533452659999966e+03
5.446922449849999794e+03
5.455622238449999713e+03
5.476914054920000126e+03
5.497524062710000180e+03
5.501473665219999930e+03
5.506787326620000385e+03
5.528417273850000129e+03
5.572851700369999890e+03
5.588760072240000227e+03
5.590120808409999881e+03
5.594469977509999808e+03
5.598487470879999819e+03
5.688213773249999576e+03
5.857456819729999552e+03
6.065493234720000146e+03
6.102726932319999833e+03
6.122225823820000187e+03
6.136627638410000145e+03
6.162181556180000371e+03
6.191569551069999761e+03
6.230738429259999975e+03
6.252566854110000349e+03
6.393613992460000190e+03
6.439082929700000022e+03
